case_id,base_sample_id,base_complex_id,base_split,derived_split,split_group,target_id,source_dataset,injection_mode,attempt_id,seed,rotation_angle_deg,rotation_axis_atom_pair,transform_matrix,target_rgroup,target_atom_indices,anchor_scaffold_atom_idx,anchor_rgroup_atom_idx,anchor_bond_idx,oracle_split,difficulty_bin,difficulty_reason,acceptance_status,reject_reason,unsupported_reason,invalid_reason,duplicate_of,ligand_valid,rdkit_sanitize_ok,rotatable_bond_valid,anchor_integrity_pass,bond_length_valid,chirality_preserved,ligand_internal_severe_clash_count,forcefield_type,energy_original,energy_failed,energy_delta,energy_delta_pass,energy_check_status,scaffold_rmsd,non_target_rgroup_rmsd,target_rgroup_rmsd,delta_angstrom,severe_depth_threshold_angstrom,target_num_clash_pairs,target_num_severe_pairs,target_total_score,target_max_depth,target_score_ratio_valid,target_score_ratio_all,non_target_num_severe_pairs,scaffold_num_severe_pairs,num_total_severe_pairs,total_clash_score,max_clash_depth,predicted_dominant_region_all,predicted_dominant_valid_rgroup,dominant_ratio_all_regions,dominant_ratio_valid_rgroups,failure_type,recommended_action,top_valid_rgroups_json,top_clash_residue,delta03_status,delta04_status,delta05_status,sample_path,original_ligand_sdf,failed_ligand_sdf
case_000007,complex_crossdocked_000001,complex_crossdocked_000001,test,test,CDGT2_BACCI_28_713_0,CDGT2_BACCI_28_713_0,crossdocked_subset,torsion_perturb,complex_crossdocked_000001:R4:torsion_perturb:120.0,20260510,120.0,"[10, 11]","[[0.94713002, -0.03022123, 0.31942347, 0.0], [0.26438734, -0.49052715, -0.83035082, 0.0], [0.18178011, 0.8709017, -0.4566029, 0.0], [0.0, 0.0, 0.0, 1.0]]",R4,"[10, 11]",5,10,9,duplicate_removed,hard,near_miss_contact,duplicate_removed,target_severe_pairs_below_threshold,,,case_000006,True,True,True,True,True,True,0,MMFF,606.4413997306852,606.4413997306852,0.0,True,record_only,0.0,0.0,0.0,0.4,0.4,0,0,0.0,0.0,0.0,0.0,0,0,0,0.0,0.0,,,0.0,0.0,no_clash,no_repair_needed,[],,no_target_severe,no_target_severe,no_target_severe,samples/case_000007.pkl,ligands/case_000007_original.sdf,ligands/case_000007_failed.sdf
case_000008,complex_crossdocked_000001,complex_crossdocked_000001,test,test,CDGT2_BACCI_28_713_0,CDGT2_BACCI_28_713_0,crossdocked_subset,torsion_perturb,complex_crossdocked_000001:R4:torsion_perturb:180.0,20260510,180.0,"[10, 11]","[[0.92950672, 0.15611075, 0.33413571, 0.0], [0.15611075, -0.98736954, 0.02703395, 0.0], [0.33413571, 0.02703395, -0.94213718, 0.0], [0.0, 0.0, 0.0, 1.0]]",R4,"[10, 11]",5,10,9,duplicate_removed,hard,near_miss_contact,duplicate_removed,target_severe_pairs_below_threshold,,,case_000006,True,True,True,True,True,True,0,MMFF,606.4413997306852,606.4413997306852,0.0,True,record_only,0.0,0.0,0.0,0.4,0.4,0,0,0.0,0.0,0.0,0.0,0,0,0,0.0,0.0,,,0.0,0.0,no_clash,no_repair_needed,[],,no_target_severe,no_target_severe,no_target_severe,samples/case_000008.pkl,ligands/case_000008_original.sdf,ligands/case_000008_failed.sdf
case_000009,complex_crossdocked_000001,complex_crossdocked_000001,test,test,CDGT2_BACCI_28_713_0,CDGT2_BACCI_28_713_0,crossdocked_subset,torsion_perturb,complex_crossdocked_000001:R4:torsion_perturb:240.0,20260510,240.0,"[10, 11]","[[0.94713002, 0.26438734, 0.18178011, 0.0], [-0.03022123, -0.49052715, 0.8709017, 0.0], [0.31942347, -0.83035082, -0.4566029, 0.0], [0.0, 0.0, 0.0, 1.0]]",R4,"[10, 11]",5,10,9,duplicate_removed,hard,near_miss_contact,duplicate_removed,target_severe_pairs_below_threshold,,,case_000006,True,True,True,True,True,True,0,MMFF,606.4413997306852,606.4413997306852,0.0,True,record_only,0.0,0.0,0.0,0.4,0.4,0,0,0.0,0.0,0.0,0.0,0,0,0,0.0,0.0,,,0.0,0.0,no_clash,no_repair_needed,[],,no_target_severe,no_target_severe,no_target_severe,samples/case_000009.pkl,ligands/case_000009_original.sdf,ligands/case_000009_failed.sdf
case_000010,complex_crossdocked_000001,complex_crossdocked_000001,test,test,CDGT2_BACCI_28_713_0,CDGT2_BACCI_28_713_0,crossdocked_subset,torsion_perturb,complex_crossdocked_000001:R4:torsion_perturb:300.0,20260510,300.0,"[10, 11]","[[0.98237669, 0.18633197, 0.01471225, 0.0], [-0.10827661, 0.50315762, 0.85738474, 0.0], [0.15235561, -0.84386778, 0.51446569, 0.0], [0.0, 0.0, 0.0, 1.0]]",R4,"[10, 11]",5,10,9,duplicate_removed,hard,near_miss_contact,duplicate_removed,target_severe_pairs_below_threshold,,,case_000006,True,True,True,True,True,True,0,MMFF,606.4413997306852,606.4413997306852,0.0,True,record_only,0.0,0.0,0.0,0.4,0.4,0,0,0.0,0.0,0.0,0.0,0,0,0,0.0,0.0,,,0.0,0.0,no_clash,no_repair_needed,[],,no_target_severe,no_target_severe,no_target_severe,samples/case_000010.pkl,ligands/case_000010_original.sdf,ligands/case_000010_failed.sdf
case_000011,complex_crossdocked_000001,complex_crossdocked_000001,test,test,CDGT2_BACCI_28_713_0,CDGT2_BACCI_28_713_0,crossdocked_subset,directed_clash,complex_crossdocked_000001:R4:directed_clash:180.0,20260510,180.0,"[5, 10]","[[-0.51290286, 0.23436058, -0.82583642, 0.0], [0.23436058, -0.88724041, -0.39734066, 0.0], [-0.82583642, -0.39734066, 0.40014324, 0.0], [0.0, 0.0, 0.0, 1.0]]",R4,"[10, 11]",5,10,9,duplicate_removed,hard,near_miss_contact,duplicate_removed,target_severe_pairs_below_threshold,,,case_000003,True,True,True,True,True,True,0,MMFF,606.4413997306852,611.6262935207045,5.1848937900192595,True,record_only,0.0,0.0,1.8916786909103394,0.4,0.4,0,0,0.0,0.0,0.0,0.0,0,0,0,0.0,0.0,,,0.0,0.0,no_clash,no_repair_needed,[],,no_target_severe,no_target_severe,no_target_severe,samples/case_000011.pkl,ligands/case_000011_original.sdf,ligands/case_000011_failed.sdf
case_000014,complex_crossdocked_000001,complex_crossdocked_000001,test,test,CDGT2_BACCI_28_713_0,CDGT2_BACCI_28_713_0,crossdocked_subset,directed_clash,complex_crossdocked_000001:R4:directed_clash:120.0,20260510,120.0,"[5, 10]","[[-0.13467713, 0.90037632, -0.41374451, 0.0], [-0.54883546, -0.41543031, -0.72539455, 0.0], [-0.82501012, 0.12938361, 0.55010742, 0.0], [0.0, 0.0, 0.0, 1.0]]",R4,"[10, 11]",5,10,9,duplicate_removed,hard,near_miss_contact,duplicate_removed,target_severe_pairs_below_threshold,,,case_000002,True,True,True,True,True,True,0,MMFF,606.4413997306852,607.0990453472622,0.6576456165769287,True,record_only,0.0,0.0,1.6382416486740112,0.4,0.4,0,0,0.0,0.0,0.0,0.0,0,0,0,0.0,0.0,,,0.0,0.0,no_clash,no_repair_needed,[],,no_target_severe,no_target_severe,no_target_severe,samples/case_000014.pkl,ligands/case_000014_original.sdf,ligands/case_000014_failed.sdf
case_000015,complex_crossdocked_000001,complex_crossdocked_000001,test,test,CDGT2_BACCI_28_713_0,CDGT2_BACCI_28_713_0,crossdocked_subset,directed_clash,complex_crossdocked_000001:R4:directed_clash:240.0,20260510,240.0,"[5, 10]","[[-0.13467713, -0.54883546, -0.82501012, 0.0], [0.90037632, -0.41543031, 0.12938361, 0.0], [-0.41374451, -0.72539455, 0.55010742, 0.0], [0.0, 0.0, 0.0, 1.0]]",R4,"[10, 11]",5,10,9,duplicate_removed,hard,near_miss_contact,duplicate_removed,target_severe_pairs_below_threshold,,,case_000004,True,True,True,True,True,True,0,MMFF,606.4413997306852,609.2562612510333,2.8148615203480176,True,record_only,0.0,0.0,1.6382421255111694,0.4,0.4,0,0,0.0,0.0,0.0,0.0,0,0,0,0.0,0.0,,,0.0,0.0,no_clash,no_repair_needed,[],,no_target_severe,no_target_severe,no_target_severe,samples/case_000015.pkl,ligands/case_000015_original.sdf,ligands/case_000015_failed.sdf
case_000017,complex_crossdocked_000001,complex_crossdocked_000001,test,test,CDGT2_BACCI_28_713_0,CDGT2_BACCI_28_713_0,crossdocked_subset,directed_clash,complex_crossdocked_000001:R4:directed_clash:60.0,20260510,60.0,"[5, 10]","[[0.62177432, 0.78319603, -0.00082631, 0.0], [-0.66601574, 0.5281899, -0.52672428, 0.0], [-0.41209191, 0.32805392, 0.85003579, 0.0], [0.0, 0.0, 0.0, 1.0]]",R4,"[10, 11]",5,10,9,duplicate_removed,hard,near_miss_contact,duplicate_removed,target_severe_pairs_below_threshold,,,case_000001,True,True,True,True,True,True,0,MMFF,606.4413997306852,607.2333517853685,0.7919520546832928,True,record_only,0.0,0.0,0.9458410143852234,0.4,0.4,0,0,0.0,0.0,0.0,0.0,0,0,0,0.0,0.0,,,0.0,0.0,no_clash,no_repair_needed,[],,no_target_severe,no_target_severe,no_target_severe,samples/case_000017.pkl,ligands/case_000017_original.sdf,ligands/case_000017_failed.sdf
case_000025,complex_crossdocked_000001,complex_crossdocked_000001,test,test,CDGT2_BACCI_28_713_0,CDGT2_BACCI_28_713_0,crossdocked_subset,torsion_perturb,complex_crossdocked_000001:R8:torsion_perturb:120.0,20260510,120.0,"[21, 22]","[[0.34002572, -0.92960584, 0.14218134, 0.0], [-0.37341133, 0.00529812, 0.92765075, 0.0], [-0.86310279, -0.36851725, -0.34532386, 0.0], [0.0, 0.0, 0.0, 1.0]]",R8,"[21, 22]",16,21,21,duplicate_removed,hard,near_miss_contact,duplicate_removed,target_severe_pairs_below_threshold,,,case_000024,True,True,True,True,True,True,0,MMFF,606.4413997306852,606.4413997306852,0.0,True,record_only,0.0,0.0,0.0,0.4,0.4,0,0,0.0,0.0,0.0,0.0,0,0,0,0.0,0.0,,,0.0,0.0,no_clash,no_repair_needed,[],,no_target_severe,no_target_severe,no_target_severe,samples/case_000025.pkl,ligands/case_000025_original.sdf,ligands/case_000025_failed.sdf
case_000026,complex_crossdocked_000001,complex_crossdocked_000001,test,test,CDGT2_BACCI_28_713_0,CDGT2_BACCI_28_713_0,crossdocked_subset,torsion_perturb,complex_crossdocked_000001:R8:torsion_perturb:180.0,20260510,180.0,"[21, 22]","[[0.1200343, -0.86867809, -0.48061433, 0.0], [-0.86867809, -0.32626918, 0.37275568, 0.0], [-0.48061433, 0.37275568, -0.79376513, 0.0], [0.0, 0.0, 0.0, 1.0]]",R8,"[21, 22]",16,21,21,duplicate_removed,hard,near_miss_contact,duplicate_removed,target_severe_pairs_below_threshold,,,case_000024,True,True,True,True,True,True,0,MMFF,606.4413997306852,606.4413997306852,0.0,True,record_only,0.0,0.0,0.0,0.4,0.4,0,0,0.0,0.0,0.0,0.0,0,0,0,0.0,0.0,,,0.0,0.0,no_clash,no_repair_needed,[],,no_target_severe,no_target_severe,no_target_severe,samples/case_000026.pkl,ligands/case_000026_original.sdf,ligands/case_000026_failed.sdf
case_000027,complex_crossdocked_000001,complex_crossdocked_000001,test,test,CDGT2_BACCI_28_713_0,CDGT2_BACCI_28_713_0,crossdocked_subset,torsion_perturb,complex_crossdocked_000001:R8:torsion_perturb:240.0,20260510,240.0,"[21, 22]","[[0.34002572, -0.37341133, -0.86310279, 0.0], [-0.92960584, 0.00529812, -0.36851725, 0.0], [0.14218134, 0.92765075, -0.34532386, 0.0], [0.0, 0.0, 0.0, 1.0]]",R8,"[21, 22]",16,21,21,duplicate_removed,hard,near_miss_contact,duplicate_removed,target_severe_pairs_below_threshold,,,case_000024,True,True,True,True,True,True,0,MMFF,606.4413997306852,606.4413997306852,0.0,True,record_only,0.0,0.0,0.0,0.4,0.4,0,0,0.0,0.0,0.0,0.0,0,0,0,0.0,0.0,,,0.0,0.0,no_clash,no_repair_needed,[],,no_target_severe,no_target_severe,no_target_severe,samples/case_000027.pkl,ligands/case_000027_original.sdf,ligands/case_000027_failed.sdf
case_000028,complex_crossdocked_000001,complex_crossdocked_000001,test,test,CDGT2_BACCI_28_713_0,CDGT2_BACCI_28_713_0,crossdocked_subset,torsion_perturb,complex_crossdocked_000001:R8:torsion_perturb:300.0,20260510,300.0,"[21, 22]","[[0.78000855, 0.06092772, -0.62279564, 0.0], [-0.49526677, 0.66843271, -0.5548951, 0.0], [0.38248849, 0.74127293, 0.55155873, 0.0], [0.0, 0.0, 0.0, 1.0]]",R8,"[21, 22]",16,21,21,duplicate_removed,hard,near_miss_contact,duplicate_removed,target_severe_pairs_below_threshold,,,case_000024,True,True,True,True,True,True,0,MMFF,606.4413997306852,606.4413997306852,0.0,True,record_only,0.0,0.0,0.0,0.4,0.4,0,0,0.0,0.0,0.0,0.0,0,0,0,0.0,0.0,,,0.0,0.0,no_clash,no_repair_needed,[],,no_target_severe,no_target_severe,no_target_severe,samples/case_000028.pkl,ligands/case_000028_original.sdf,ligands/case_000028_failed.sdf
case_000034,complex_crossdocked_000001,complex_crossdocked_000001,test,test,CDGT2_BACCI_28_713_0,CDGT2_BACCI_28_713_0,crossdocked_subset,directed_clash,complex_crossdocked_000001:R8:directed_clash:120.0,20260510,120.0,"[16, 21]","[[0.35038978, 0.32878, -0.87700099, 0.0], [0.93227357, -0.03249201, 0.36029196, 0.0], [0.08996127, -0.94384742, -0.31789777, 0.0], [0.0, 0.0, 0.0, 1.0]]",R8,"[21, 22]",16,21,21,duplicate_removed,hard,near_miss_contact,duplicate_removed,target_severe_pairs_below_threshold,,,case_000020,True,True,True,True,True,True,0,MMFF,606.4413997306852,613.4388936679848,6.9974939372995095,True,record_only,0.0,0.0,1.6318833827972412,0.4,0.4,0,0,0.0,0.0,0.0,0.0,0,0,0,0.0,0.0,,,0.0,0.0,no_clash,no_repair_needed,[],,no_target_severe,no_target_severe,no_target_severe,samples/case_000034.pkl,ligands/case_000034_original.sdf,ligands/case_000034_failed.sdf
case_000035,complex_crossdocked_000001,complex_crossdocked_000001,test,test,CDGT2_BACCI_28_713_0,CDGT2_BACCI_28_713_0,crossdocked_subset,directed_clash,complex_crossdocked_000001:R8:directed_clash:240.0,20260510,240.0,"[16, 21]","[[0.35038978, 0.93227357, 0.08996127, 0.0], [0.32878, -0.03249201, -0.94384742, 0.0], [-0.87700099, 0.36029196, -0.31789777, 0.0], [0.0, 0.0, 0.0, 1.0]]",R8,"[21, 22]",16,21,21,duplicate_removed,hard,near_miss_contact,duplicate_removed,target_severe_pairs_below_threshold,,,case_000022,True,True,True,True,True,True,0,MMFF,606.4413997306852,610.1490824090429,3.707682678357628,True,record_only,0.0,0.0,1.6318846940994263,0.4,0.4,0,0,0.0,0.0,0.0,0.0,0,0,0,0.0,0.0,,,0.0,0.0,no_clash,no_repair_needed,[],,no_target_severe,no_target_severe,no_target_severe,samples/case_000035.pkl,ligands/case_000035_original.sdf,ligands/case_000035_failed.sdf
case_000036,complex_crossdocked_000001,complex_crossdocked_000001,test,test,CDGT2_BACCI_28_713_0,CDGT2_BACCI_28_713_0,crossdocked_subset,directed_clash,complex_crossdocked_000001:R8:directed_clash:300.0,20260510,300.0,"[16, 21]","[[0.78346324, 0.51192236, 0.35230783, 0.0], [-0.09157118, 0.65583599, -0.74932897, 0.0], [-0.61465442, 0.55481046, 0.56070071, 0.0], [0.0, 0.0, 0.0, 1.0]]",R8,"[21, 22]",16,21,21,duplicate_removed,hard,near_miss_contact,duplicate_removed,target_severe_pairs_below_threshold,,,case_000023,True,True,True,True,True,True,0,MMFF,606.4413997306852,604.9794407601632,-1.461958970522005,True,record_only,0.0,0.0,0.9421679377555847,0.4,0.4,0,0,0.0,0.0,0.0,0.0,0,0,0,0.0,0.0,,,0.0,0.0,no_clash,no_repair_needed,[],,no_target_severe,no_target_severe,no_target_severe,samples/case_000036.pkl,ligands/case_000036_original.sdf,ligands/case_000036_failed.sdf
case_000043,complex_crossdocked_000002,complex_crossdocked_000002,test,test,CDGT2_BACCI_28_713_0,CDGT2_BACCI_28_713_0,crossdocked_subset,torsion_perturb,complex_crossdocked_000002:R4:torsion_perturb:120.0,20260510,120.0,"[10, 11]","[[-0.46967351, 0.47033677, 0.74712121, 0.0], [-0.76350021, 0.20849666, -0.61122543, 0.0], [-0.44325408, -0.85750365, 0.26117685, 0.0], [0.0, 0.0, 0.0, 1.0]]",R4,"[10, 11]",5,10,9,duplicate_removed,hard,near_miss_contact,duplicate_removed,target_severe_pairs_below_threshold,,,case_000042,True,True,True,True,True,True,0,MMFF,602.5170627000748,602.5170627000748,0.0,True,record_only,0.0,0.0,0.0,0.4,0.4,0,0,0.0,0.0,0.0,0.0,0,0,0,0.0,0.0,,,0.0,0.0,no_clash,no_repair_needed,[],,no_target_severe,no_target_severe,no_target_severe,samples/case_000043.pkl,ligands/case_000043_original.sdf,ligands/case_000043_failed.sdf
case_000044,complex_crossdocked_000002,complex_crossdocked_000002,test,test,CDGT2_BACCI_28_713_0,CDGT2_BACCI_28_713_0,crossdocked_subset,torsion_perturb,complex_crossdocked_000002:R4:torsion_perturb:180.0,20260510,180.0,"[10, 11]","[[-0.95956469, -0.19544232, 0.2025781, 0.0], [-0.19544232, -0.05533778, -0.97915274, 0.0], [0.2025781, -0.97915274, 0.01490248, 0.0], [0.0, 0.0, 0.0, 1.0]]",R4,"[10, 11]",5,10,9,duplicate_removed,hard,near_miss_contact,duplicate_removed,target_severe_pairs_below_threshold,,,case_000042,True,True,True,True,True,True,0,MMFF,602.5170627000748,602.5170627000748,0.0,True,record_only,0.0,0.0,0.0,0.4,0.4,0,0,0.0,0.0,0.0,0.0,0,0,0,0.0,0.0,,,0.0,0.0,no_clash,no_repair_needed,[],,no_target_severe,no_target_severe,no_target_severe,samples/case_000044.pkl,ligands/case_000044_original.sdf,ligands/case_000044_failed.sdf
case_000045,complex_crossdocked_000002,complex_crossdocked_000002,test,test,CDGT2_BACCI_28_713_0,CDGT2_BACCI_28_713_0,crossdocked_subset,torsion_perturb,complex_crossdocked_000002:R4:torsion_perturb:240.0,20260510,240.0,"[10, 11]","[[-0.46967351, -0.76350021, -0.44325408, 0.0], [0.47033677, 0.20849666, -0.85750365, 0.0], [0.74712121, -0.61122543, 0.26117685, 0.0], [0.0, 0.0, 0.0, 1.0]]",R4,"[10, 11]",5,10,9,duplicate_removed,hard,near_miss_contact,duplicate_removed,target_severe_pairs_below_threshold,,,case_000042,True,True,True,True,True,True,0,MMFF,602.5170627000748,602.5170627000748,0.0,True,record_only,0.0,0.0,0.0,0.4,0.4,0,0,0.0,0.0,0.0,0.0,0,0,0,0.0,0.0,,,0.0,0.0,no_clash,no_repair_needed,[],,no_target_severe,no_target_severe,no_target_severe,samples/case_000045.pkl,ligands/case_000045_original.sdf,ligands/case_000045_failed.sdf
case_000046,complex_crossdocked_000002,complex_crossdocked_000002,test,test,CDGT2_BACCI_28_713_0,CDGT2_BACCI_28_713_0,crossdocked_subset,torsion_perturb,complex_crossdocked_000002:R4:torsion_perturb:300.0,20260510,300.0,"[10, 11]","[[0.51010883, -0.66577905, -0.54454315, 0.0], [0.56805789, 0.73616558, -0.36792728, 0.0], [0.64583218, -0.12164908, 0.75372565, 0.0], [0.0, 0.0, 0.0, 1.0]]",R4,"[10, 11]",5,10,9,duplicate_removed,hard,near_miss_contact,duplicate_removed,target_severe_pairs_below_threshold,,,case_000042,True,True,True,True,True,True,0,MMFF,602.5170627000748,602.5170627000748,0.0,True,record_only,0.0,0.0,0.0,0.4,0.4,0,0,0.0,0.0,0.0,0.0,0,0,0,0.0,0.0,,,0.0,0.0,no_clash,no_repair_needed,[],,no_target_severe,no_target_severe,no_target_severe,samples/case_000046.pkl,ligands/case_000046_original.sdf,ligands/case_000046_failed.sdf
case_000047,complex_crossdocked_000002,complex_crossdocked_000002,test,test,CDGT2_BACCI_28_713_0,CDGT2_BACCI_28_713_0,crossdocked_subset,directed_clash,complex_crossdocked_000002:R4:directed_clash:300.0,20260510,300.0,"[5, 10]","[[0.5006687, -0.79640836, 0.33921164, 0.0], [0.78138071, 0.58442825, 0.21883288, 0.0], [-0.37252522, 0.15549065, 0.91490304, 0.0], [0.0, 0.0, 0.0, 1.0]]",R4,"[10, 11]",5,10,9,duplicate_removed,easy,high_target_ratio_and_moderate_depth,duplicate_removed,duplicate_of_existing_case,,,case_000041,True,True,True,True,True,True,0,MMFF,602.5170627000748,602.0470931072898,-0.4699695927849916,True,record_only,0.0,0.0,0.9459435939788818,0.4,0.4,1,1,0.28729550314352537,0.5359995365142822,1.0,1.0,0,0,1,0.28729550314352537,0.5359995365142822,R4,R4,1.0,1.0,single_rgroup_clash,local_rgroup_repair,"[{""region"": ""R4"", ""score"": 0.20314859847718786}]",A:446::GLY,target_severe,target_severe,target_severe,samples/case_000047.pkl,ligands/case_000047_original.sdf,ligands/case_000047_failed.sdf
case_000050,complex_crossdocked_000002,complex_crossdocked_000002,test,test,CDGT2_BACCI_28_713_0,CDGT2_BACCI_28_713_0,crossdocked_subset,directed_clash,complex_crossdocked_000002:R4:directed_clash:240.0,20260510,240.0,"[5, 10]","[[-0.49799389, -0.81143606, 0.30589807, 0.0], [0.76635307, -0.24671534, 0.59315646, 0.0], [-0.40583876, 0.52981418, 0.74470919, 0.0], [0.0, 0.0, 0.0, 1.0]]",R4,"[10, 11]",5,10,9,duplicate_removed,hard,near_miss_contact,duplicate_removed,target_severe_pairs_below_threshold,,,case_000040,True,True,True,True,True,True,0,MMFF,602.5170627000748,605.3630611187001,2.8459984186252996,True,record_only,0.0,0.0,1.638417363166809,0.4,0.4,0,0,0.0,0.0,0.0,0.0,0,0,0,0.0,0.0,,,0.0,0.0,no_clash,no_repair_needed,[],,no_target_severe,no_target_severe,no_target_severe,samples/case_000050.pkl,ligands/case_000050_original.sdf,ligands/case_000050_failed.sdf
case_000052,complex_crossdocked_000002,complex_crossdocked_000002,test,test,CDGT2_BACCI_28_713_0,CDGT2_BACCI_28_713_0,crossdocked_subset,directed_clash,complex_crossdocked_000002:R4:directed_clash:60.0,20260510,60.0,"[5, 10]","[[0.5006687, 0.78138071, -0.37252522, 0.0], [-0.79640836, 0.58442825, 0.15549065, 0.0], [0.33921164, 0.21883288, 0.91490304, 0.0], [0.0, 0.0, 0.0, 1.0]]",R4,"[10, 11]",5,10,9,duplicate_removed,hard,near_miss_contact,duplicate_removed,target_severe_pairs_below_threshold,,,case_000037,True,True,True,True,True,True,0,MMFF,602.5170627000748,601.0647758738348,-1.4522868262399697,True,record_only,0.0,0.0,0.9459401369094849,0.4,0.4,0,0,0.0,0.0,0.0,0.0,0,0,0,0.0,0.0,,,0.0,0.0,no_clash,no_repair_needed,[],,no_target_severe,no_target_severe,no_target_severe,samples/case_000052.pkl,ligands/case_000052_original.sdf,ligands/case_000052_failed.sdf
case_000054,complex_crossdocked_000002,complex_crossdocked_000002,test,test,CDGT2_BACCI_28_713_0,CDGT2_BACCI_28_713_0,crossdocked_subset,directed_clash,complex_crossdocked_000002:R4:directed_clash:120.0,20260510,120.0,"[5, 10]","[[-0.49799389, 0.76635307, -0.40583876, 0.0], [-0.81143606, -0.24671534, 0.52981418, 0.0], [0.30589807, 0.59315646, 0.74470919, 0.0], [0.0, 0.0, 0.0, 1.0]]",R4,"[10, 11]",5,10,9,duplicate_removed,hard,near_miss_contact,duplicate_removed,target_severe_pairs_below_threshold,,,case_000038,True,True,True,True,True,True,0,MMFF,602.5170627000748,607.6697368186769,5.152674118602135,True,record_only,0.0,0.0,1.6384174823760986,0.4,0.4,0,0,0.0,0.0,0.0,0.0,0,0,0,0.0,0.0,,,0.0,0.0,no_clash,no_repair_needed,[],,no_target_severe,no_target_severe,no_target_severe,samples/case_000054.pkl,ligands/case_000054_original.sdf,ligands/case_000054_failed.sdf
case_000061,complex_crossdocked_000002,complex_crossdocked_000002,test,test,CDGT2_BACCI_28_713_0,CDGT2_BACCI_28_713_0,crossdocked_subset,torsion_perturb,complex_crossdocked_000002:R8:torsion_perturb:120.0,20260510,120.0,"[21, 22]","[[-0.48032734, 0.54547614, 0.68683439, 0.0], [-0.76633859, 0.11989837, -0.63114935, 0.0], [-0.42662725, -0.82950598, 0.36042896, 0.0], [0.0, 0.0, 0.0, 1.0]]",R8,"[21, 22]",16,21,21,duplicate_removed,hard,near_miss_contact,duplicate_removed,target_severe_pairs_below_threshold,,,case_000060,True,True,True,True,True,True,0,MMFF,602.5170627000748,602.5170627000748,0.0,True,record_only,0.0,0.0,0.0,0.4,0.4,0,0,0.0,0.0,0.0,0.0,0,0,0,0.0,0.0,,,0.0,0.0,no_clash,no_repair_needed,[],,no_target_severe,no_target_severe,no_target_severe,samples/case_000061.pkl,ligands/case_000061_original.sdf,ligands/case_000061_failed.sdf
case_000062,complex_crossdocked_000002,complex_crossdocked_000002,test,test,CDGT2_BACCI_28_713_0,CDGT2_BACCI_28_713_0,crossdocked_subset,torsion_perturb,complex_crossdocked_000002:R8:torsion_perturb:180.0,20260510,180.0,"[21, 22]","[[-0.97376978, -0.14724165, 0.17347142, 0.0], [-0.14724165, -0.17346884, -0.9737702, 0.0], [0.17347142, -0.9737702, 0.14723861, 0.0], [0.0, 0.0, 0.0, 1.0]]",R8,"[21, 22]",16,21,21,duplicate_removed,hard,near_miss_contact,duplicate_removed,target_severe_pairs_below_threshold,,,case_000060,True,True,True,True,True,True,0,MMFF,602.5170627000748,602.5170627000748,0.0,True,record_only,0.0,0.0,0.0,0.4,0.4,0,0,0.0,0.0,0.0,0.0,0,0,0,0.0,0.0,,,0.0,0.0,no_clash,no_repair_needed,[],,no_target_severe,no_target_severe,no_target_severe,samples/case_000062.pkl,ligands/case_000062_original.sdf,ligands/case_000062_failed.sdf
case_000063,complex_crossdocked_000002,complex_crossdocked_000002,test,test,CDGT2_BACCI_28_713_0,CDGT2_BACCI_28_713_0,crossdocked_subset,torsion_perturb,complex_crossdocked_000002:R8:torsion_perturb:240.0,20260510,240.0,"[21, 22]","[[-0.48032734, -0.76633859, -0.42662725, 0.0], [0.54547614, 0.11989837, -0.82950598, 0.0], [0.68683439, -0.63114935, 0.36042896, 0.0], [0.0, 0.0, 0.0, 1.0]]",R8,"[21, 22]",16,21,21,duplicate_removed,hard,near_miss_contact,duplicate_removed,target_severe_pairs_below_threshold,,,case_000060,True,True,True,True,True,True,0,MMFF,602.5170627000748,602.5170627000748,0.0,True,record_only,0.0,0.0,0.0,0.4,0.4,0,0,0.0,0.0,0.0,0.0,0,0,0,0.0,0.0,,,0.0,0.0,no_clash,no_repair_needed,[],,no_target_severe,no_target_severe,no_target_severe,samples/case_000063.pkl,ligands/case_000063_original.sdf,ligands/case_000063_failed.sdf
case_000064,complex_crossdocked_000002,complex_crossdocked_000002,test,test,CDGT2_BACCI_28_713_0,CDGT2_BACCI_28_713_0,crossdocked_subset,torsion_perturb,complex_crossdocked_000002:R8:torsion_perturb:300.0,20260510,300.0,"[21, 22]","[[0.50655758, -0.69271779, -0.51336294, 0.0], [0.61909693, 0.70663279, -0.34262088, 0.0], [0.60009867, -0.14426425, 0.78680962, 0.0], [0.0, 0.0, 0.0, 1.0]]",R8,"[21, 22]",16,21,21,duplicate_removed,hard,near_miss_contact,duplicate_removed,target_severe_pairs_below_threshold,,,case_000060,True,True,True,True,True,True,0,MMFF,602.5170627000748,602.5170627000748,0.0,True,record_only,0.0,0.0,0.0,0.4,0.4,0,0,0.0,0.0,0.0,0.0,0,0,0,0.0,0.0,,,0.0,0.0,no_clash,no_repair_needed,[],,no_target_severe,no_target_severe,no_target_severe,samples/case_000064.pkl,ligands/case_000064_original.sdf,ligands/case_000064_failed.sdf
case_000065,complex_crossdocked_000002,complex_crossdocked_000002,test,test,CDGT2_BACCI_28_713_0,CDGT2_BACCI_28_713_0,crossdocked_subset,directed_clash,complex_crossdocked_000002:R8:directed_clash:300.0,20260510,300.0,"[16, 21]","[[0.50003678, -0.75495911, 0.42426401, 0.0], [0.7591238, 0.61788869, 0.20480378, 0.0], [-0.41676641, 0.21965949, 0.88207453, 0.0], [0.0, 0.0, 0.0, 1.0]]",R8,"[21, 22]",16,21,21,duplicate_removed,easy,high_target_ratio_and_moderate_depth,duplicate_removed,duplicate_of_existing_case,,,case_000059,True,True,True,True,True,True,0,MMFF,602.5170627000748,608.3638359462796,5.846773246204748,True,record_only,0.0,0.0,0.9424552321434021,0.4,0.4,1,1,0.2604687923235929,0.5103614330291748,1.0,1.0,0,0,1,0.2604687923235929,0.5103614330291748,R8,R8,1.0,1.0,single_rgroup_clash,local_rgroup_repair,"[{""region"": ""R8"", ""score"": 0.18417924933948307}]",A:445::SER,target_severe,target_severe,target_severe,samples/case_000065.pkl,ligands/case_000065_original.sdf,ligands/case_000065_failed.sdf
case_000068,complex_crossdocked_000002,complex_crossdocked_000002,test,test,CDGT2_BACCI_28_713_0,CDGT2_BACCI_28_713_0,crossdocked_subset,directed_clash,complex_crossdocked_000002:R8:directed_clash:240.0,20260510,240.0,"[16, 21]","[[-0.49988964, -0.75079441, 0.43176159, 0.0], [0.7632885, -0.14633392, 0.62926704, 0.0], [-0.40926883, 0.64412278, 0.6462236, 0.0], [0.0, 0.0, 0.0, 1.0]]",R8,"[21, 22]",16,21,21,duplicate_removed,hard,near_miss_contact,duplicate_removed,target_severe_pairs_below_threshold,,,case_000058,True,True,True,True,True,True,0,MMFF,602.5170627000748,607.7975032757611,5.280440575686271,True,record_only,0.0,0.0,1.6323765516281128,0.4,0.4,0,0,0.0,0.0,0.0,0.0,0,0,0,0.0,0.0,,,0.0,0.0,no_clash,no_repair_needed,[],,no_target_severe,no_target_severe,no_target_severe,samples/case_000068.pkl,ligands/case_000068_original.sdf,ligands/case_000068_failed.sdf
case_000079,complex_crossdocked_000003,complex_crossdocked_000003,test,test,CDGT2_BACCI_28_713_0,CDGT2_BACCI_28_713_0,crossdocked_subset,torsion_perturb,complex_crossdocked_000003:R4:torsion_perturb:120.0,20260510,120.0,"[10, 11]","[[-0.48314875, 0.55409956, 0.67789447, 0.0], [-0.75875217, 0.12135888, -0.63997436, 0.0], [-0.43687803, -0.82355672, 0.36178988, 0.0], [0.0, 0.0, 0.0, 1.0]]",R4,"[10, 11]",5,10,9,duplicate_removed,hard,near_miss_contact,duplicate_removed,target_severe_pairs_below_threshold,,,case_000078,True,True,True,True,True,True,0,MMFF,604.2674288242501,604.2674288242501,0.0,True,record_only,0.0,0.0,0.0,0.4,0.4,0,0,0.0,0.0,0.0,0.0,0,0,0,0.0,0.0,,,0.0,0.0,no_clash,no_repair_needed,[],,no_target_severe,no_target_severe,no_target_severe,samples/case_000079.pkl,ligands/case_000079_original.sdf,ligands/case_000079_failed.sdf
case_000080,complex_crossdocked_000003,complex_crossdocked_000003,test,test,CDGT2_BACCI_28_713_0,CDGT2_BACCI_28_713_0,crossdocked_subset,torsion_perturb,complex_crossdocked_000003:R4:torsion_perturb:180.0,20260510,180.0,"[10, 11]","[[-0.97753167, -0.13643506, 0.16067764, 0.0], [-0.13643506, -0.17152148, -0.97568738, 0.0], [0.16067764, -0.97568738, 0.14905316, 0.0], [0.0, 0.0, 0.0, 1.0]]",R4,"[10, 11]",5,10,9,duplicate_removed,hard,near_miss_contact,duplicate_removed,target_severe_pairs_below_threshold,,,case_000078,True,True,True,True,True,True,0,MMFF,604.2674288242501,604.2674288242501,0.0,True,record_only,0.0,0.0,0.0,0.4,0.4,0,0,0.0,0.0,0.0,0.0,0,0,0,0.0,0.0,,,0.0,0.0,no_clash,no_repair_needed,[],,no_target_severe,no_target_severe,no_target_severe,samples/case_000080.pkl,ligands/case_000080_original.sdf,ligands/case_000080_failed.sdf
case_000081,complex_crossdocked_000003,complex_crossdocked_000003,test,test,CDGT2_BACCI_28_713_0,CDGT2_BACCI_28_713_0,crossdocked_subset,torsion_perturb,complex_crossdocked_000003:R4:torsion_perturb:240.0,20260510,240.0,"[10, 11]","[[-0.48314875, -0.75875217, -0.43687803, 0.0], [0.55409956, 0.12135888, -0.82355672, 0.0], [0.67789447, -0.63997436, 0.36178988, 0.0], [0.0, 0.0, 0.0, 1.0]]",R4,"[10, 11]",5,10,9,duplicate_removed,hard,near_miss_contact,duplicate_removed,target_severe_pairs_below_threshold,,,case_000078,True,True,True,True,True,True,0,MMFF,604.2674288242501,604.2674288242501,0.0,True,record_only,0.0,0.0,0.0,0.4,0.4,0,0,0.0,0.0,0.0,0.0,0,0,0,0.0,0.0,,,0.0,0.0,no_clash,no_repair_needed,[],,no_target_severe,no_target_severe,no_target_severe,samples/case_000081.pkl,ligands/case_000081_original.sdf,ligands/case_000081_failed.sdf
case_000082,complex_crossdocked_000003,complex_crossdocked_000003,test,test,CDGT2_BACCI_28_713_0,CDGT2_BACCI_28_713_0,crossdocked_subset,torsion_perturb,complex_crossdocked_000003:R4:torsion_perturb:300.0,20260510,300.0,"[10, 11]","[[0.50561708, -0.69053465, -0.51721686, 0.0], [0.62231714, 0.70711964, -0.33571303, 0.0], [0.5975557, -0.15213065, 0.78726327, 0.0], [0.0, 0.0, 0.0, 1.0]]",R4,"[10, 11]",5,10,9,duplicate_removed,hard,near_miss_contact,duplicate_removed,target_severe_pairs_below_threshold,,,case_000078,True,True,True,True,True,True,0,MMFF,604.2674288242501,604.2674288242501,0.0,True,record_only,0.0,0.0,0.0,0.4,0.4,0,0,0.0,0.0,0.0,0.0,0,0,0,0.0,0.0,,,0.0,0.0,no_clash,no_repair_needed,[],,no_target_severe,no_target_severe,no_target_severe,samples/case_000082.pkl,ligands/case_000082_original.sdf,ligands/case_000082_failed.sdf
case_000083,complex_crossdocked_000003,complex_crossdocked_000003,test,test,CDGT2_BACCI_28_713_0,CDGT2_BACCI_28_713_0,crossdocked_subset,directed_clash,complex_crossdocked_000003:R4:directed_clash:300.0,20260510,300.0,"[5, 10]","[[0.51200283, -0.79717833, 0.31993726, 0.0], [0.72773737, 0.60043591, 0.33147413, 0.0], [-0.4563458, 0.06311461, 0.88756132, 0.0], [0.0, 0.0, 0.0, 1.0]]",R4,"[10, 11]",5,10,9,duplicate_removed,hard,near_miss_contact,duplicate_removed,target_severe_pairs_below_threshold,,,case_000077,True,True,True,True,True,True,0,MMFF,604.2674288242501,605.191069289727,0.9236404654768648,True,record_only,0.0,0.0,0.9450990557670593,0.4,0.4,1,0,0.13972789531186436,0.37380194664001465,1.0,1.0,0,0,0,0.13972789531186436,0.37380194664001465,,R4,0.0,1.0,no_clash,no_repair_needed,"[{""region"": ""R4"", ""score"": 0.09880254229594328}]",A:446::GLY,target_severe,no_target_severe,no_target_severe,samples/case_000083.pkl,ligands/case_000083_original.sdf,ligands/case_000083_failed.sdf
case_000086,complex_crossdocked_000003,complex_crossdocked_000003,test,test,CDGT2_BACCI_28_713_0,CDGT2_BACCI_28_713_0,crossdocked_subset,directed_clash,complex_crossdocked_000003:R4:directed_clash:240.0,20260510,240.0,"[5, 10]","[[-0.46399158, -0.86661929, 0.18352871, 0.0], [0.65829635, -0.19869232, 0.72606283, 0.0], [-0.5927543, 0.45770332, 0.6626839, 0.0], [0.0, 0.0, 0.0, 1.0]]",R4,"[10, 11]",5,10,9,duplicate_removed,hard,near_miss_contact,duplicate_removed,target_severe_pairs_below_threshold,,,case_000076,True,True,True,True,True,True,0,MMFF,604.2674288242501,607.58675717489,3.3193283506398075,True,record_only,0.0,0.0,1.6369602680206299,0.4,0.4,0,0,0.0,0.0,0.0,0.0,0,0,0,0.0,0.0,,,0.0,0.0,no_clash,no_repair_needed,[],,no_target_severe,no_target_severe,no_target_severe,samples/case_000086.pkl,ligands/case_000086_original.sdf,ligands/case_000086_failed.sdf
case_000088,complex_crossdocked_000003,complex_crossdocked_000003,test,test,CDGT2_BACCI_28_713_0,CDGT2_BACCI_28_713_0,crossdocked_subset,directed_clash,complex_crossdocked_000003:R4:directed_clash:60.0,20260510,60.0,"[5, 10]","[[0.51200283, 0.72773737, -0.4563458, 0.0], [-0.79717833, 0.60043591, 0.06311461, 0.0], [0.31993726, 0.33147413, 0.88756132, 0.0], [0.0, 0.0, 0.0, 1.0]]",R4,"[10, 11]",5,10,9,duplicate_removed,hard,near_miss_contact,duplicate_removed,target_severe_pairs_below_threshold,,,case_000073,True,True,True,True,True,True,0,MMFF,604.2674288242501,603.5937376187832,-0.6736912054669801,True,record_only,0.0,0.0,0.9450975060462952,0.4,0.4,0,0,0.0,0.0,0.0,0.0,0,0,0,0.0,0.0,,,0.0,0.0,no_clash,no_repair_needed,[],,no_target_severe,no_target_severe,no_target_severe,samples/case_000088.pkl,ligands/case_000088_original.sdf,ligands/case_000088_failed.sdf
case_000090,complex_crossdocked_000003,complex_crossdocked_000003,test,test,CDGT2_BACCI_28_713_0,CDGT2_BACCI_28_713_0,crossdocked_subset,directed_clash,complex_crossdocked_000003:R4:directed_clash:120.0,20260510,120.0,"[5, 10]","[[-0.46399158, 0.65829635, -0.5927543, 0.0], [-0.86661929, -0.19869232, 0.45770332, 0.0], [0.18352871, 0.72606283, 0.6626839, 0.0], [0.0, 0.0, 0.0, 1.0]]",R4,"[10, 11]",5,10,9,duplicate_removed,hard,near_miss_contact,duplicate_removed,target_severe_pairs_below_threshold,,,case_000074,True,True,True,True,True,True,0,MMFF,604.2674288242501,608.6812928988954,4.413864074645289,True,record_only,0.0,0.0,1.636958360671997,0.4,0.4,0,0,0.0,0.0,0.0,0.0,0,0,0,0.0,0.0,,,0.0,0.0,no_clash,no_repair_needed,[],,no_target_severe,no_target_severe,no_target_severe,samples/case_000090.pkl,ligands/case_000090_original.sdf,ligands/case_000090_failed.sdf
case_000097,complex_crossdocked_000003,complex_crossdocked_000003,test,test,CDGT2_BACCI_28_713_0,CDGT2_BACCI_28_713_0,crossdocked_subset,torsion_perturb,complex_crossdocked_000003:R8:torsion_perturb:120.0,20260510,120.0,"[21, 22]","[[-0.4746404, 0.53528124, 0.69870633, 0.0], [-0.78312308, 0.10554546, -0.61284453, 0.0], [-0.40178946, -0.83805382, 0.36909494, 0.0], [0.0, 0.0, 0.0, 1.0]]",R8,"[21, 22]",16,21,21,duplicate_removed,hard,near_miss_contact,duplicate_removed,target_severe_pairs_below_threshold,,,case_000096,True,True,True,True,True,True,0,MMFF,604.2674288242501,604.2674288242501,0.0,True,record_only,0.0,0.0,0.0,0.4,0.4,0,0,0.0,0.0,0.0,0.0,0,0,0,0.0,0.0,,,0.0,0.0,no_clash,no_repair_needed,[],,no_target_severe,no_target_severe,no_target_severe,samples/case_000097.pkl,ligands/case_000097_original.sdf,ligands/case_000097_failed.sdf
case_000098,complex_crossdocked_000003,complex_crossdocked_000003,test,test,CDGT2_BACCI_28_713_0,CDGT2_BACCI_28_713_0,crossdocked_subset,torsion_perturb,complex_crossdocked_000003:R8:torsion_perturb:180.0,20260510,180.0,"[21, 22]","[[-0.96618718, -0.1652279, 0.19794458, 0.0], [-0.1652279, -0.19260605, -0.96726555, 0.0], [0.19794458, -0.96726555, 0.15879324, 0.0], [0.0, 0.0, 0.0, 1.0]]",R8,"[21, 22]",16,21,21,duplicate_removed,hard,near_miss_contact,duplicate_removed,target_severe_pairs_below_threshold,,,case_000096,True,True,True,True,True,True,0,MMFF,604.2674288242501,604.2674288242501,0.0,True,record_only,0.0,0.0,0.0,0.4,0.4,0,0,0.0,0.0,0.0,0.0,0,0,0,0.0,0.0,,,0.0,0.0,no_clash,no_repair_needed,[],,no_target_severe,no_target_severe,no_target_severe,samples/case_000098.pkl,ligands/case_000098_original.sdf,ligands/case_000098_failed.sdf
case_000099,complex_crossdocked_000003,complex_crossdocked_000003,test,test,CDGT2_BACCI_28_713_0,CDGT2_BACCI_28_713_0,crossdocked_subset,torsion_perturb,complex_crossdocked_000003:R8:torsion_perturb:240.0,20260510,240.0,"[21, 22]","[[-0.4746404, -0.78312308, -0.40178946, 0.0], [0.53528124, 0.10554546, -0.83805382, 0.0], [0.69870633, -0.61284453, 0.36909494, 0.0], [0.0, 0.0, 0.0, 1.0]]",R8,"[21, 22]",16,21,21,duplicate_removed,hard,near_miss_contact,duplicate_removed,target_severe_pairs_below_threshold,,,case_000096,True,True,True,True,True,True,0,MMFF,604.2674288242501,604.2674288242501,0.0,True,record_only,0.0,0.0,0.0,0.4,0.4,0,0,0.0,0.0,0.0,0.0,0,0,0,0.0,0.0,,,0.0,0.0,no_clash,no_repair_needed,[],,no_target_severe,no_target_severe,no_target_severe,samples/case_000099.pkl,ligands/case_000099_original.sdf,ligands/case_000099_failed.sdf
case_000100,complex_crossdocked_000003,complex_crossdocked_000003,test,test,CDGT2_BACCI_28_713_0,CDGT2_BACCI_28_713_0,crossdocked_subset,torsion_perturb,complex_crossdocked_000003:R8:torsion_perturb:300.0,20260510,300.0,"[21, 22]","[[0.50845319, -0.70050913, -0.50076175, 0.0], [0.61789519, 0.70184851, -0.35442102, 0.0], [0.59973401, -0.12921175, 0.7896983, 0.0], [0.0, 0.0, 0.0, 1.0]]",R8,"[21, 22]",16,21,21,duplicate_removed,hard,near_miss_contact,duplicate_removed,target_severe_pairs_below_threshold,,,case_000096,True,True,True,True,True,True,0,MMFF,604.2674288242501,604.2674288242501,0.0,True,record_only,0.0,0.0,0.0,0.4,0.4,0,0,0.0,0.0,0.0,0.0,0,0,0,0.0,0.0,,,0.0,0.0,no_clash,no_repair_needed,[],,no_target_severe,no_target_severe,no_target_severe,samples/case_000100.pkl,ligands/case_000100_original.sdf,ligands/case_000100_failed.sdf
case_000101,complex_crossdocked_000003,complex_crossdocked_000003,test,test,CDGT2_BACCI_28_713_0,CDGT2_BACCI_28_713_0,crossdocked_subset,directed_clash,complex_crossdocked_000003:R8:directed_clash:300.0,20260510,300.0,"[16, 21]","[[0.50036639, -0.74633807, 0.43887696, 0.0], [0.75968808, 0.62161452, 0.19096971, 0.0], [-0.41534024, 0.23785478, 0.87801909, 0.0], [0.0, 0.0, 0.0, 1.0]]",R8,"[21, 22]",16,21,21,duplicate_removed,easy,high_target_ratio_and_moderate_depth,duplicate_removed,duplicate_of_existing_case,,,case_000095,True,True,True,True,True,True,0,MMFF,604.2674288242501,610.1086636335302,5.841234809280081,True,record_only,0.0,0.0,0.9416689872741699,0.4,0.4,1,1,0.43406331348946026,0.6588348150253296,1.0,1.0,0,0,1,0.43406331348946026,0.6588348150253296,R8,R8,1.0,1.0,single_rgroup_clash,local_rgroup_repair,"[{""region"": ""R8"", ""score"": 0.30692911243269955}]",A:445::SER,target_severe,target_severe,target_severe,samples/case_000101.pkl,ligands/case_000101_original.sdf,ligands/case_000101_failed.sdf
case_000105,complex_crossdocked_000003,complex_crossdocked_000003,test,test,CDGT2_BACCI_28_713_0,CDGT2_BACCI_28_713_0,crossdocked_subset,directed_clash,complex_crossdocked_000003:R8:directed_clash:240.0,20260510,240.0,"[16, 21]","[[-0.49890089, -0.73298806, 0.46241367, 0.0], [0.77303809, -0.13515647, 0.61979419, 0.0], [-0.39180353, 0.66667926, 0.63405734, 0.0], [0.0, 0.0, 0.0, 1.0]]",R8,"[21, 22]",16,21,21,duplicate_removed,hard,near_miss_contact,duplicate_removed,target_severe_pairs_below_threshold,,,case_000094,True,True,True,True,True,True,0,MMFF,604.2674288242501,609.0195837894419,4.752154965191721,True,record_only,0.0,0.0,1.6310205459594727,0.4,0.4,0,0,0.0,0.0,0.0,0.0,0,0,0,0.0,0.0,,,0.0,0.0,no_clash,no_repair_needed,[],,no_target_severe,no_target_severe,no_target_severe,samples/case_000105.pkl,ligands/case_000105_original.sdf,ligands/case_000105_failed.sdf
case_000115,complex_crossdocked_000004,complex_crossdocked_000004,test,test,CDGT2_BACCI_28_713_0,CDGT2_BACCI_28_713_0,crossdocked_subset,torsion_perturb,complex_crossdocked_000004:R4:torsion_perturb:120.0,20260510,120.0,"[10, 11]","[[-0.48804721, 0.31508285, -0.81396115, 0.0], [-0.05454651, 0.9197343, 0.38873324, 0.0], [0.87111115, 0.23411892, -0.43168706, 0.0], [0.0, 0.0, 0.0, 1.0]]",R4,"[10, 11]",5,10,9,duplicate_removed,hard,near_miss_contact,duplicate_removed,target_severe_pairs_below_threshold,,,case_000114,True,True,True,True,True,True,0,MMFF,609.3475443457789,609.3475443457789,0.0,True,record_only,0.0,0.0,0.0,0.4,0.4,0,0,0.0,0.0,0.0,0.0,0,0,0,0.0,0.0,,,0.0,0.0,no_clash,no_repair_needed,[],,no_target_severe,no_target_severe,no_target_severe,samples/case_000115.pkl,ligands/case_000115_original.sdf,ligands/case_000115_failed.sdf
