case_id,base_sample_id,base_complex_id,base_split,derived_split,split_group,target_id,source_dataset,injection_mode,attempt_id,seed,rotation_angle_deg,rotation_axis_atom_pair,transform_matrix,target_rgroup,target_atom_indices,anchor_scaffold_atom_idx,anchor_rgroup_atom_idx,anchor_bond_idx,oracle_split,difficulty_bin,difficulty_reason,acceptance_status,reject_reason,unsupported_reason,invalid_reason,duplicate_of,ligand_valid,rdkit_sanitize_ok,rotatable_bond_valid,anchor_integrity_pass,bond_length_valid,chirality_preserved,ligand_internal_severe_clash_count,forcefield_type,energy_original,energy_failed,energy_delta,energy_delta_pass,energy_check_status,scaffold_rmsd,non_target_rgroup_rmsd,target_rgroup_rmsd,delta_angstrom,severe_depth_threshold_angstrom,target_num_clash_pairs,target_num_severe_pairs,target_total_score,target_max_depth,target_score_ratio_valid,target_score_ratio_all,non_target_num_severe_pairs,scaffold_num_severe_pairs,num_total_severe_pairs,total_clash_score,max_clash_depth,predicted_dominant_region_all,predicted_dominant_valid_rgroup,dominant_ratio_all_regions,dominant_ratio_valid_rgroups,failure_type,recommended_action,top_valid_rgroups_json,top_clash_residue,delta03_status,delta04_status,delta05_status,sample_path,original_ligand_sdf,failed_ligand_sdf
case_000001,complex_crossdocked_000001,complex_crossdocked_000001,test,test,CDGT2_BACCI_28_713_0,CDGT2_BACCI_28_713_0,crossdocked_subset,easy_rotation,complex_crossdocked_000001:R4:easy_rotation:60.0,20260510,60.0,"[5, 10]","[[0.62177432, 0.78319603, -0.00082631, 0.0], [-0.66601574, 0.5281899, -0.52672428, 0.0], [-0.41209191, 0.32805392, 0.85003579, 0.0], [0.0, 0.0, 0.0, 1.0]]",R4,"[10, 11]",5,10,9,near_miss_contact,hard,near_miss_contact,near_miss,target_severe_pairs_below_threshold,,,,True,True,True,True,True,True,0,MMFF,606.4413997306852,607.2333517853685,0.7919520546832928,True,record_only,0.0,0.0,0.9458410143852234,0.4,0.4,0,0,0.0,0.0,0.0,0.0,0,0,0,0.0,0.0,,,0.0,0.0,no_clash,no_repair_needed,[],,no_target_severe,no_target_severe,no_target_severe,samples/case_000001.pkl,ligands/case_000001_original.sdf,ligands/case_000001_failed.sdf
case_000002,complex_crossdocked_000001,complex_crossdocked_000001,test,test,CDGT2_BACCI_28_713_0,CDGT2_BACCI_28_713_0,crossdocked_subset,easy_rotation,complex_crossdocked_000001:R4:easy_rotation:120.0,20260510,120.0,"[5, 10]","[[-0.13467713, 0.90037632, -0.41374451, 0.0], [-0.54883546, -0.41543031, -0.72539455, 0.0], [-0.82501012, 0.12938361, 0.55010742, 0.0], [0.0, 0.0, 0.0, 1.0]]",R4,"[10, 11]",5,10,9,near_miss_contact,hard,near_miss_contact,near_miss,target_severe_pairs_below_threshold,,,,True,True,True,True,True,True,0,MMFF,606.4413997306852,607.0990453472622,0.6576456165769287,True,record_only,0.0,0.0,1.6382416486740112,0.4,0.4,0,0,0.0,0.0,0.0,0.0,0,0,0,0.0,0.0,,,0.0,0.0,no_clash,no_repair_needed,[],,no_target_severe,no_target_severe,no_target_severe,samples/case_000002.pkl,ligands/case_000002_original.sdf,ligands/case_000002_failed.sdf
case_000003,complex_crossdocked_000001,complex_crossdocked_000001,test,test,CDGT2_BACCI_28_713_0,CDGT2_BACCI_28_713_0,crossdocked_subset,easy_rotation,complex_crossdocked_000001:R4:easy_rotation:180.0,20260510,180.0,"[5, 10]","[[-0.51290286, 0.23436058, -0.82583642, 0.0], [0.23436058, -0.88724041, -0.39734066, 0.0], [-0.82583642, -0.39734066, 0.40014324, 0.0], [0.0, 0.0, 0.0, 1.0]]",R4,"[10, 11]",5,10,9,near_miss_contact,hard,near_miss_contact,near_miss,target_severe_pairs_below_threshold,,,,True,True,True,True,True,True,0,MMFF,606.4413997306852,611.6262935207045,5.1848937900192595,True,record_only,0.0,0.0,1.8916786909103394,0.4,0.4,0,0,0.0,0.0,0.0,0.0,0,0,0,0.0,0.0,,,0.0,0.0,no_clash,no_repair_needed,[],,no_target_severe,no_target_severe,no_target_severe,samples/case_000003.pkl,ligands/case_000003_original.sdf,ligands/case_000003_failed.sdf
case_000004,complex_crossdocked_000001,complex_crossdocked_000001,test,test,CDGT2_BACCI_28_713_0,CDGT2_BACCI_28_713_0,crossdocked_subset,easy_rotation,complex_crossdocked_000001:R4:easy_rotation:240.0,20260510,240.0,"[5, 10]","[[-0.13467713, -0.54883546, -0.82501012, 0.0], [0.90037632, -0.41543031, 0.12938361, 0.0], [-0.41374451, -0.72539455, 0.55010742, 0.0], [0.0, 0.0, 0.0, 1.0]]",R4,"[10, 11]",5,10,9,near_miss_contact,hard,near_miss_contact,near_miss,target_severe_pairs_below_threshold,,,,True,True,True,True,True,True,0,MMFF,606.4413997306852,609.2562612510333,2.8148615203480176,True,record_only,0.0,0.0,1.6382421255111694,0.4,0.4,0,0,0.0,0.0,0.0,0.0,0,0,0,0.0,0.0,,,0.0,0.0,no_clash,no_repair_needed,[],,no_target_severe,no_target_severe,no_target_severe,samples/case_000004.pkl,ligands/case_000004_original.sdf,ligands/case_000004_failed.sdf
case_000005,complex_crossdocked_000001,complex_crossdocked_000001,test,test,CDGT2_BACCI_28_713_0,CDGT2_BACCI_28_713_0,crossdocked_subset,easy_rotation,complex_crossdocked_000001:R4:easy_rotation:300.0,20260510,300.0,"[5, 10]","[[0.62177432, -0.66601574, -0.41209191, 0.0], [0.78319603, 0.5281899, 0.32805392, 0.0], [-0.00082631, -0.52672428, 0.85003579, 0.0], [0.0, 0.0, 0.0, 1.0]]",R4,"[10, 11]",5,10,9,near_miss_contact,hard,near_miss_contact,near_miss,target_severe_pairs_below_threshold,,,,True,True,True,True,True,True,0,MMFF,606.4413997306852,609.5349444453074,3.0935447146221122,True,record_only,0.0,0.0,0.9458380937576294,0.4,0.4,0,0,0.0,0.0,0.0,0.0,0,0,0,0.0,0.0,,,0.0,0.0,no_clash,no_repair_needed,[],,no_target_severe,no_target_severe,no_target_severe,samples/case_000005.pkl,ligands/case_000005_original.sdf,ligands/case_000005_failed.sdf
case_000006,complex_crossdocked_000001,complex_crossdocked_000001,test,test,CDGT2_BACCI_28_713_0,CDGT2_BACCI_28_713_0,crossdocked_subset,torsion_perturb,complex_crossdocked_000001:R4:torsion_perturb:60.0,20260510,60.0,"[10, 11]","[[0.98237669, -0.10827661, 0.15235561, 0.0], [0.18633197, 0.50315762, -0.84386778, 0.0], [0.01471225, 0.85738474, 0.51446569, 0.0], [0.0, 0.0, 0.0, 1.0]]",R4,"[10, 11]",5,10,9,near_miss_contact,hard,near_miss_contact,near_miss,target_severe_pairs_below_threshold,,,,True,True,True,True,True,True,0,MMFF,606.4413997306852,606.4413997306852,0.0,True,record_only,0.0,0.0,0.0,0.4,0.4,0,0,0.0,0.0,0.0,0.0,0,0,0,0.0,0.0,,,0.0,0.0,no_clash,no_repair_needed,[],,no_target_severe,no_target_severe,no_target_severe,samples/case_000006.pkl,ligands/case_000006_original.sdf,ligands/case_000006_failed.sdf
case_000007,complex_crossdocked_000001,complex_crossdocked_000001,test,test,CDGT2_BACCI_28_713_0,CDGT2_BACCI_28_713_0,crossdocked_subset,torsion_perturb,complex_crossdocked_000001:R4:torsion_perturb:120.0,20260510,120.0,"[10, 11]","[[0.94713002, -0.03022123, 0.31942347, 0.0], [0.26438734, -0.49052715, -0.83035082, 0.0], [0.18178011, 0.8709017, -0.4566029, 0.0], [0.0, 0.0, 0.0, 1.0]]",R4,"[10, 11]",5,10,9,duplicate_removed,hard,near_miss_contact,duplicate_removed,target_severe_pairs_below_threshold,,,case_000006,True,True,True,True,True,True,0,MMFF,606.4413997306852,606.4413997306852,0.0,True,record_only,0.0,0.0,0.0,0.4,0.4,0,0,0.0,0.0,0.0,0.0,0,0,0,0.0,0.0,,,0.0,0.0,no_clash,no_repair_needed,[],,no_target_severe,no_target_severe,no_target_severe,samples/case_000007.pkl,ligands/case_000007_original.sdf,ligands/case_000007_failed.sdf
case_000008,complex_crossdocked_000001,complex_crossdocked_000001,test,test,CDGT2_BACCI_28_713_0,CDGT2_BACCI_28_713_0,crossdocked_subset,torsion_perturb,complex_crossdocked_000001:R4:torsion_perturb:180.0,20260510,180.0,"[10, 11]","[[0.92950672, 0.15611075, 0.33413571, 0.0], [0.15611075, -0.98736954, 0.02703395, 0.0], [0.33413571, 0.02703395, -0.94213718, 0.0], [0.0, 0.0, 0.0, 1.0]]",R4,"[10, 11]",5,10,9,duplicate_removed,hard,near_miss_contact,duplicate_removed,target_severe_pairs_below_threshold,,,case_000006,True,True,True,True,True,True,0,MMFF,606.4413997306852,606.4413997306852,0.0,True,record_only,0.0,0.0,0.0,0.4,0.4,0,0,0.0,0.0,0.0,0.0,0,0,0,0.0,0.0,,,0.0,0.0,no_clash,no_repair_needed,[],,no_target_severe,no_target_severe,no_target_severe,samples/case_000008.pkl,ligands/case_000008_original.sdf,ligands/case_000008_failed.sdf
case_000009,complex_crossdocked_000001,complex_crossdocked_000001,test,test,CDGT2_BACCI_28_713_0,CDGT2_BACCI_28_713_0,crossdocked_subset,torsion_perturb,complex_crossdocked_000001:R4:torsion_perturb:240.0,20260510,240.0,"[10, 11]","[[0.94713002, 0.26438734, 0.18178011, 0.0], [-0.03022123, -0.49052715, 0.8709017, 0.0], [0.31942347, -0.83035082, -0.4566029, 0.0], [0.0, 0.0, 0.0, 1.0]]",R4,"[10, 11]",5,10,9,duplicate_removed,hard,near_miss_contact,duplicate_removed,target_severe_pairs_below_threshold,,,case_000006,True,True,True,True,True,True,0,MMFF,606.4413997306852,606.4413997306852,0.0,True,record_only,0.0,0.0,0.0,0.4,0.4,0,0,0.0,0.0,0.0,0.0,0,0,0,0.0,0.0,,,0.0,0.0,no_clash,no_repair_needed,[],,no_target_severe,no_target_severe,no_target_severe,samples/case_000009.pkl,ligands/case_000009_original.sdf,ligands/case_000009_failed.sdf
case_000010,complex_crossdocked_000001,complex_crossdocked_000001,test,test,CDGT2_BACCI_28_713_0,CDGT2_BACCI_28_713_0,crossdocked_subset,torsion_perturb,complex_crossdocked_000001:R4:torsion_perturb:300.0,20260510,300.0,"[10, 11]","[[0.98237669, 0.18633197, 0.01471225, 0.0], [-0.10827661, 0.50315762, 0.85738474, 0.0], [0.15235561, -0.84386778, 0.51446569, 0.0], [0.0, 0.0, 0.0, 1.0]]",R4,"[10, 11]",5,10,9,duplicate_removed,hard,near_miss_contact,duplicate_removed,target_severe_pairs_below_threshold,,,case_000006,True,True,True,True,True,True,0,MMFF,606.4413997306852,606.4413997306852,0.0,True,record_only,0.0,0.0,0.0,0.4,0.4,0,0,0.0,0.0,0.0,0.0,0,0,0,0.0,0.0,,,0.0,0.0,no_clash,no_repair_needed,[],,no_target_severe,no_target_severe,no_target_severe,samples/case_000010.pkl,ligands/case_000010_original.sdf,ligands/case_000010_failed.sdf
case_000011,complex_crossdocked_000001,complex_crossdocked_000001,test,test,CDGT2_BACCI_28_713_0,CDGT2_BACCI_28_713_0,crossdocked_subset,directed_clash,complex_crossdocked_000001:R4:directed_clash:180.0,20260510,180.0,"[5, 10]","[[-0.51290286, 0.23436058, -0.82583642, 0.0], [0.23436058, -0.88724041, -0.39734066, 0.0], [-0.82583642, -0.39734066, 0.40014324, 0.0], [0.0, 0.0, 0.0, 1.0]]",R4,"[10, 11]",5,10,9,duplicate_removed,hard,near_miss_contact,duplicate_removed,target_severe_pairs_below_threshold,,,case_000003,True,True,True,True,True,True,0,MMFF,606.4413997306852,611.6262935207045,5.1848937900192595,True,record_only,0.0,0.0,1.8916786909103394,0.4,0.4,0,0,0.0,0.0,0.0,0.0,0,0,0,0.0,0.0,,,0.0,0.0,no_clash,no_repair_needed,[],,no_target_severe,no_target_severe,no_target_severe,samples/case_000011.pkl,ligands/case_000011_original.sdf,ligands/case_000011_failed.sdf
case_000012,complex_crossdocked_000001,complex_crossdocked_000001,test,test,CDGT2_BACCI_28_713_0,CDGT2_BACCI_28_713_0,crossdocked_subset,directed_clash,complex_crossdocked_000001:R4:directed_clash:150.0,20260510,150.0,"[5, 10]","[[-0.41155756, 0.63701278, -0.65179372, 0.0], [-0.19969001, -0.76081926, -0.61747706, 0.0], [-0.88923806, -0.12397066, 0.44032601, 0.0], [0.0, 0.0, 0.0, 1.0]]",R4,"[10, 11]",5,10,9,near_miss_contact,hard,near_miss_contact,near_miss,target_severe_pairs_below_threshold,,,,True,True,True,True,True,True,0,MMFF,606.4413997306852,611.9295121177832,5.488112387097999,True,record_only,0.0,0.0,1.8272217512130737,0.4,0.4,0,0,0.0,0.0,0.0,0.0,0,0,0,0.0,0.0,,,0.0,0.0,no_clash,no_repair_needed,[],,no_target_severe,no_target_severe,no_target_severe,samples/case_000012.pkl,ligands/case_000012_original.sdf,ligands/case_000012_failed.sdf
case_000013,complex_crossdocked_000001,complex_crossdocked_000001,test,test,CDGT2_BACCI_28_713_0,CDGT2_BACCI_28_713_0,crossdocked_subset,directed_clash,complex_crossdocked_000001:R4:directed_clash:210.0,20260510,210.0,"[5, 10]","[[-0.41155756, -0.19969001, -0.88923806, 0.0], [0.63701278, -0.76081926, -0.12397066, 0.0], [-0.65179372, -0.61747706, 0.44032601, 0.0], [0.0, 0.0, 0.0, 1.0]]",R4,"[10, 11]",5,10,9,near_miss_contact,hard,near_miss_contact,near_miss,target_severe_pairs_below_threshold,,,,True,True,True,True,True,True,0,MMFF,606.4413997306852,608.7838585925497,2.3424588618644293,True,record_only,0.0,0.0,1.8272223472595215,0.4,0.4,0,0,0.0,0.0,0.0,0.0,0,0,0,0.0,0.0,,,0.0,0.0,no_clash,no_repair_needed,[],,no_target_severe,no_target_severe,no_target_severe,samples/case_000013.pkl,ligands/case_000013_original.sdf,ligands/case_000013_failed.sdf
case_000014,complex_crossdocked_000001,complex_crossdocked_000001,test,test,CDGT2_BACCI_28_713_0,CDGT2_BACCI_28_713_0,crossdocked_subset,directed_clash,complex_crossdocked_000001:R4:directed_clash:120.0,20260510,120.0,"[5, 10]","[[-0.13467713, 0.90037632, -0.41374451, 0.0], [-0.54883546, -0.41543031, -0.72539455, 0.0], [-0.82501012, 0.12938361, 0.55010742, 0.0], [0.0, 0.0, 0.0, 1.0]]",R4,"[10, 11]",5,10,9,duplicate_removed,hard,near_miss_contact,duplicate_removed,target_severe_pairs_below_threshold,,,case_000002,True,True,True,True,True,True,0,MMFF,606.4413997306852,607.0990453472622,0.6576456165769287,True,record_only,0.0,0.0,1.6382416486740112,0.4,0.4,0,0,0.0,0.0,0.0,0.0,0,0,0,0.0,0.0,,,0.0,0.0,no_clash,no_repair_needed,[],,no_target_severe,no_target_severe,no_target_severe,samples/case_000014.pkl,ligands/case_000014_original.sdf,ligands/case_000014_failed.sdf
case_000015,complex_crossdocked_000001,complex_crossdocked_000001,test,test,CDGT2_BACCI_28_713_0,CDGT2_BACCI_28_713_0,crossdocked_subset,directed_clash,complex_crossdocked_000001:R4:directed_clash:240.0,20260510,240.0,"[5, 10]","[[-0.13467713, -0.54883546, -0.82501012, 0.0], [0.90037632, -0.41543031, 0.12938361, 0.0], [-0.41374451, -0.72539455, 0.55010742, 0.0], [0.0, 0.0, 0.0, 1.0]]",R4,"[10, 11]",5,10,9,duplicate_removed,hard,near_miss_contact,duplicate_removed,target_severe_pairs_below_threshold,,,case_000004,True,True,True,True,True,True,0,MMFF,606.4413997306852,609.2562612510333,2.8148615203480176,True,record_only,0.0,0.0,1.6382421255111694,0.4,0.4,0,0,0.0,0.0,0.0,0.0,0,0,0,0.0,0.0,,,0.0,0.0,no_clash,no_repair_needed,[],,no_target_severe,no_target_severe,no_target_severe,samples/case_000015.pkl,ligands/case_000015_original.sdf,ligands/case_000015_failed.sdf
case_000016,complex_crossdocked_000001,complex_crossdocked_000001,test,test,CDGT2_BACCI_28_713_0,CDGT2_BACCI_28_713_0,crossdocked_subset,directed_clash,complex_crossdocked_000001:R4:directed_clash:30.0,20260510,30.0,"[5, 10]","[[0.8986547, 0.43405059, 0.0634016, 0.0], [-0.40265223, 0.87357885, -0.27337, 0.0], [-0.1740427, 0.22013643, 0.95981723, 0.0], [0.0, 0.0, 0.0, 1.0]]",R4,"[10, 11]",5,10,9,near_miss_contact,hard,near_miss_contact,near_miss,target_severe_pairs_below_threshold,,,,True,True,True,True,True,True,0,MMFF,606.4413997306852,608.3482550623922,1.9068553317069927,True,record_only,0.0,0.0,0.48960256576538086,0.4,0.4,0,0,0.0,0.0,0.0,0.0,0,0,0,0.0,0.0,,,0.0,0.0,no_clash,no_repair_needed,[],,no_target_severe,no_target_severe,no_target_severe,samples/case_000016.pkl,ligands/case_000016_original.sdf,ligands/case_000016_failed.sdf
case_000017,complex_crossdocked_000001,complex_crossdocked_000001,test,test,CDGT2_BACCI_28_713_0,CDGT2_BACCI_28_713_0,crossdocked_subset,directed_clash,complex_crossdocked_000001:R4:directed_clash:60.0,20260510,60.0,"[5, 10]","[[0.62177432, 0.78319603, -0.00082631, 0.0], [-0.66601574, 0.5281899, -0.52672428, 0.0], [-0.41209191, 0.32805392, 0.85003579, 0.0], [0.0, 0.0, 0.0, 1.0]]",R4,"[10, 11]",5,10,9,duplicate_removed,hard,near_miss_contact,duplicate_removed,target_severe_pairs_below_threshold,,,case_000001,True,True,True,True,True,True,0,MMFF,606.4413997306852,607.2333517853685,0.7919520546832928,True,record_only,0.0,0.0,0.9458410143852234,0.4,0.4,0,0,0.0,0.0,0.0,0.0,0,0,0,0.0,0.0,,,0.0,0.0,no_clash,no_repair_needed,[],,no_target_severe,no_target_severe,no_target_severe,samples/case_000017.pkl,ligands/case_000017_original.sdf,ligands/case_000017_failed.sdf
case_000018,complex_crossdocked_000001,complex_crossdocked_000001,test,test,CDGT2_BACCI_28_713_0,CDGT2_BACCI_28_713_0,crossdocked_subset,directed_clash,complex_crossdocked_000001:R4:directed_clash:90.0,20260510,90.0,"[5, 10]","[[0.24354859, 0.95388311, -0.17547391, 0.0], [-0.71952254, 0.0563798, -0.69217676, 0.0], [-0.65036249, 0.2948361, 0.70007163, 0.0], [0.0, 0.0, 0.0, 1.0]]",R4,"[10, 11]",5,10,9,near_miss_contact,hard,near_miss_contact,near_miss,target_severe_pairs_below_threshold,,,,True,True,True,True,True,True,0,MMFF,606.4413997306852,605.5092732904192,-0.9321264402660745,True,record_only,0.0,0.0,1.3376202583312988,0.4,0.4,0,0,0.0,0.0,0.0,0.0,0,0,0,0.0,0.0,,,0.0,0.0,no_clash,no_repair_needed,[],,no_target_severe,no_target_severe,no_target_severe,samples/case_000018.pkl,ligands/case_000018_original.sdf,ligands/case_000018_failed.sdf
case_000019,complex_crossdocked_000001,complex_crossdocked_000001,test,test,CDGT2_BACCI_28_713_0,CDGT2_BACCI_28_713_0,crossdocked_subset,easy_rotation,complex_crossdocked_000001:R8:easy_rotation:60.0,20260510,60.0,"[16, 21]","[[0.78346324, -0.09157118, -0.61465442, 0.0], [0.51192236, 0.65583599, 0.55481046, 0.0], [0.35230783, -0.74932897, 0.56070071, 0.0], [0.0, 0.0, 0.0, 1.0]]",R8,"[21, 22]",16,21,21,invalid_conformer,invalid,ligand_self_invalid,invalid,,,ligand_internal_severe_clash,,False,True,True,True,True,True,1,MMFF,606.4413997306852,642.4138408081835,35.972441077498274,True,record_only,0.0,0.0,0.9421681761741638,0.4,0.4,0,0,0.0,0.0,0.0,0.0,0,0,0,0.0,0.0,,,0.0,0.0,no_clash,no_repair_needed,[],,no_target_severe,no_target_severe,no_target_severe,samples/case_000019.pkl,ligands/case_000019_original.sdf,ligands/case_000019_failed.sdf
case_000020,complex_crossdocked_000001,complex_crossdocked_000001,test,test,CDGT2_BACCI_28_713_0,CDGT2_BACCI_28_713_0,crossdocked_subset,easy_rotation,complex_crossdocked_000001:R8:easy_rotation:120.0,20260510,120.0,"[16, 21]","[[0.35038978, 0.32878, -0.87700099, 0.0], [0.93227357, -0.03249201, 0.36029196, 0.0], [0.08996127, -0.94384742, -0.31789777, 0.0], [0.0, 0.0, 0.0, 1.0]]",R8,"[21, 22]",16,21,21,near_miss_contact,hard,near_miss_contact,near_miss,target_severe_pairs_below_threshold,,,,True,True,True,True,True,True,0,MMFF,606.4413997306852,613.4388936679848,6.9974939372995095,True,record_only,0.0,0.0,1.6318833827972412,0.4,0.4,0,0,0.0,0.0,0.0,0.0,0,0,0,0.0,0.0,,,0.0,0.0,no_clash,no_repair_needed,[],,no_target_severe,no_target_severe,no_target_severe,samples/case_000020.pkl,ligands/case_000020_original.sdf,ligands/case_000020_failed.sdf
case_000021,complex_crossdocked_000001,complex_crossdocked_000001,test,test,CDGT2_BACCI_28_713_0,CDGT2_BACCI_28_713_0,crossdocked_subset,easy_rotation,complex_crossdocked_000001:R8:easy_rotation:180.0,20260510,180.0,"[16, 21]","[[0.13385303, 0.84070235, -0.52469313, 0.0], [0.84070235, -0.376656, -0.38903698, 0.0], [-0.52469313, -0.38903698, -0.75719702, 0.0], [0.0, 0.0, 0.0, 1.0]]",R8,"[21, 22]",16,21,21,near_miss_contact,hard,near_miss_contact,near_miss,target_severe_pairs_below_threshold,,,,True,True,True,True,True,True,0,MMFF,606.4413997306852,611.3853741105606,4.943974379875385,True,record_only,0.0,0.0,1.8843365907669067,0.4,0.4,0,0,0.0,0.0,0.0,0.0,0,0,0,0.0,0.0,,,0.0,0.0,no_clash,no_repair_needed,[],,no_target_severe,no_target_severe,no_target_severe,samples/case_000021.pkl,ligands/case_000021_original.sdf,ligands/case_000021_failed.sdf
case_000022,complex_crossdocked_000001,complex_crossdocked_000001,test,test,CDGT2_BACCI_28_713_0,CDGT2_BACCI_28_713_0,crossdocked_subset,easy_rotation,complex_crossdocked_000001:R8:easy_rotation:240.0,20260510,240.0,"[16, 21]","[[0.35038978, 0.93227357, 0.08996127, 0.0], [0.32878, -0.03249201, -0.94384742, 0.0], [-0.87700099, 0.36029196, -0.31789777, 0.0], [0.0, 0.0, 0.0, 1.0]]",R8,"[21, 22]",16,21,21,near_miss_contact,hard,near_miss_contact,near_miss,target_severe_pairs_below_threshold,,,,True,True,True,True,True,True,0,MMFF,606.4413997306852,610.1490824090429,3.707682678357628,True,record_only,0.0,0.0,1.6318846940994263,0.4,0.4,0,0,0.0,0.0,0.0,0.0,0,0,0,0.0,0.0,,,0.0,0.0,no_clash,no_repair_needed,[],,no_target_severe,no_target_severe,no_target_severe,samples/case_000022.pkl,ligands/case_000022_original.sdf,ligands/case_000022_failed.sdf
case_000023,complex_crossdocked_000001,complex_crossdocked_000001,test,test,CDGT2_BACCI_28_713_0,CDGT2_BACCI_28_713_0,crossdocked_subset,easy_rotation,complex_crossdocked_000001:R8:easy_rotation:300.0,20260510,300.0,"[16, 21]","[[0.78346324, 0.51192236, 0.35230783, 0.0], [-0.09157118, 0.65583599, -0.74932897, 0.0], [-0.61465442, 0.55481046, 0.56070071, 0.0], [0.0, 0.0, 0.0, 1.0]]",R8,"[21, 22]",16,21,21,near_miss_contact,hard,near_miss_contact,near_miss,target_severe_pairs_below_threshold,,,,True,True,True,True,True,True,0,MMFF,606.4413997306852,604.9794407601632,-1.461958970522005,True,record_only,0.0,0.0,0.9421679377555847,0.4,0.4,0,0,0.0,0.0,0.0,0.0,0,0,0,0.0,0.0,,,0.0,0.0,no_clash,no_repair_needed,[],,no_target_severe,no_target_severe,no_target_severe,samples/case_000023.pkl,ligands/case_000023_original.sdf,ligands/case_000023_failed.sdf
case_000024,complex_crossdocked_000001,complex_crossdocked_000001,test,test,CDGT2_BACCI_28_713_0,CDGT2_BACCI_28_713_0,crossdocked_subset,torsion_perturb,complex_crossdocked_000001:R8:torsion_perturb:60.0,20260510,60.0,"[21, 22]","[[0.78000855, -0.49526677, 0.38248849, 0.0], [0.06092772, 0.66843271, 0.74127293, 0.0], [-0.62279564, -0.5548951, 0.55155873, 0.0], [0.0, 0.0, 0.0, 1.0]]",R8,"[21, 22]",16,21,21,near_miss_contact,hard,near_miss_contact,near_miss,target_severe_pairs_below_threshold,,,,True,True,True,True,True,True,0,MMFF,606.4413997306852,606.4413997306852,0.0,True,record_only,0.0,0.0,0.0,0.4,0.4,0,0,0.0,0.0,0.0,0.0,0,0,0,0.0,0.0,,,0.0,0.0,no_clash,no_repair_needed,[],,no_target_severe,no_target_severe,no_target_severe,samples/case_000024.pkl,ligands/case_000024_original.sdf,ligands/case_000024_failed.sdf
case_000025,complex_crossdocked_000001,complex_crossdocked_000001,test,test,CDGT2_BACCI_28_713_0,CDGT2_BACCI_28_713_0,crossdocked_subset,torsion_perturb,complex_crossdocked_000001:R8:torsion_perturb:120.0,20260510,120.0,"[21, 22]","[[0.34002572, -0.92960584, 0.14218134, 0.0], [-0.37341133, 0.00529812, 0.92765075, 0.0], [-0.86310279, -0.36851725, -0.34532386, 0.0], [0.0, 0.0, 0.0, 1.0]]",R8,"[21, 22]",16,21,21,duplicate_removed,hard,near_miss_contact,duplicate_removed,target_severe_pairs_below_threshold,,,case_000024,True,True,True,True,True,True,0,MMFF,606.4413997306852,606.4413997306852,0.0,True,record_only,0.0,0.0,0.0,0.4,0.4,0,0,0.0,0.0,0.0,0.0,0,0,0,0.0,0.0,,,0.0,0.0,no_clash,no_repair_needed,[],,no_target_severe,no_target_severe,no_target_severe,samples/case_000025.pkl,ligands/case_000025_original.sdf,ligands/case_000025_failed.sdf
case_000026,complex_crossdocked_000001,complex_crossdocked_000001,test,test,CDGT2_BACCI_28_713_0,CDGT2_BACCI_28_713_0,crossdocked_subset,torsion_perturb,complex_crossdocked_000001:R8:torsion_perturb:180.0,20260510,180.0,"[21, 22]","[[0.1200343, -0.86867809, -0.48061433, 0.0], [-0.86867809, -0.32626918, 0.37275568, 0.0], [-0.48061433, 0.37275568, -0.79376513, 0.0], [0.0, 0.0, 0.0, 1.0]]",R8,"[21, 22]",16,21,21,duplicate_removed,hard,near_miss_contact,duplicate_removed,target_severe_pairs_below_threshold,,,case_000024,True,True,True,True,True,True,0,MMFF,606.4413997306852,606.4413997306852,0.0,True,record_only,0.0,0.0,0.0,0.4,0.4,0,0,0.0,0.0,0.0,0.0,0,0,0,0.0,0.0,,,0.0,0.0,no_clash,no_repair_needed,[],,no_target_severe,no_target_severe,no_target_severe,samples/case_000026.pkl,ligands/case_000026_original.sdf,ligands/case_000026_failed.sdf
case_000027,complex_crossdocked_000001,complex_crossdocked_000001,test,test,CDGT2_BACCI_28_713_0,CDGT2_BACCI_28_713_0,crossdocked_subset,torsion_perturb,complex_crossdocked_000001:R8:torsion_perturb:240.0,20260510,240.0,"[21, 22]","[[0.34002572, -0.37341133, -0.86310279, 0.0], [-0.92960584, 0.00529812, -0.36851725, 0.0], [0.14218134, 0.92765075, -0.34532386, 0.0], [0.0, 0.0, 0.0, 1.0]]",R8,"[21, 22]",16,21,21,duplicate_removed,hard,near_miss_contact,duplicate_removed,target_severe_pairs_below_threshold,,,case_000024,True,True,True,True,True,True,0,MMFF,606.4413997306852,606.4413997306852,0.0,True,record_only,0.0,0.0,0.0,0.4,0.4,0,0,0.0,0.0,0.0,0.0,0,0,0,0.0,0.0,,,0.0,0.0,no_clash,no_repair_needed,[],,no_target_severe,no_target_severe,no_target_severe,samples/case_000027.pkl,ligands/case_000027_original.sdf,ligands/case_000027_failed.sdf
case_000028,complex_crossdocked_000001,complex_crossdocked_000001,test,test,CDGT2_BACCI_28_713_0,CDGT2_BACCI_28_713_0,crossdocked_subset,torsion_perturb,complex_crossdocked_000001:R8:torsion_perturb:300.0,20260510,300.0,"[21, 22]","[[0.78000855, 0.06092772, -0.62279564, 0.0], [-0.49526677, 0.66843271, -0.5548951, 0.0], [0.38248849, 0.74127293, 0.55155873, 0.0], [0.0, 0.0, 0.0, 1.0]]",R8,"[21, 22]",16,21,21,duplicate_removed,hard,near_miss_contact,duplicate_removed,target_severe_pairs_below_threshold,,,case_000024,True,True,True,True,True,True,0,MMFF,606.4413997306852,606.4413997306852,0.0,True,record_only,0.0,0.0,0.0,0.4,0.4,0,0,0.0,0.0,0.0,0.0,0,0,0,0.0,0.0,,,0.0,0.0,no_clash,no_repair_needed,[],,no_target_severe,no_target_severe,no_target_severe,samples/case_000028.pkl,ligands/case_000028_original.sdf,ligands/case_000028_failed.sdf
case_000029,complex_crossdocked_000001,complex_crossdocked_000001,test,test,CDGT2_BACCI_28_713_0,CDGT2_BACCI_28_713_0,crossdocked_subset,directed_clash,complex_crossdocked_000001:R8:directed_clash:60.0,20260510,60.0,"[16, 21]","[[0.78346324, -0.09157118, -0.61465442, 0.0], [0.51192236, 0.65583599, 0.55481046, 0.0], [0.35230783, -0.74932897, 0.56070071, 0.0], [0.0, 0.0, 0.0, 1.0]]",R8,"[21, 22]",16,21,21,invalid_conformer,invalid,ligand_self_invalid,invalid,,,ligand_internal_severe_clash,,False,True,True,True,True,True,1,MMFF,606.4413997306852,642.4138408081835,35.972441077498274,True,record_only,0.0,0.0,0.9421681761741638,0.4,0.4,0,0,0.0,0.0,0.0,0.0,0,0,0,0.0,0.0,,,0.0,0.0,no_clash,no_repair_needed,[],,no_target_severe,no_target_severe,no_target_severe,samples/case_000029.pkl,ligands/case_000029_original.sdf,ligands/case_000029_failed.sdf
case_000030,complex_crossdocked_000001,complex_crossdocked_000001,test,test,CDGT2_BACCI_28_713_0,CDGT2_BACCI_28_713_0,crossdocked_subset,directed_clash,complex_crossdocked_000001:R8:directed_clash:30.0,20260510,30.0,"[16, 21]","[[0.94197917, -0.1178972, -0.31428573, 0.0], [0.23052996, 0.90778154, 0.35041207, 0.0], [0.24399018, -0.40253314, 0.88229012, 0.0], [0.0, 0.0, 0.0, 1.0]]",R8,"[21, 22]",16,21,21,near_miss_contact,hard,near_miss_contact,near_miss,target_severe_pairs_below_threshold,,,,True,True,True,True,True,True,0,MMFF,606.4413997306852,656.0602290562124,49.618829325527145,True,record_only,0.0,0.0,0.48770347237586975,0.4,0.4,0,0,0.0,0.0,0.0,0.0,0,0,0,0.0,0.0,,,0.0,0.0,no_clash,no_repair_needed,[],,no_target_severe,no_target_severe,no_target_severe,samples/case_000030.pkl,ligands/case_000030_original.sdf,ligands/case_000030_failed.sdf
case_000031,complex_crossdocked_000001,complex_crossdocked_000001,test,test,CDGT2_BACCI_28_713_0,CDGT2_BACCI_28_713_0,crossdocked_subset,directed_clash,complex_crossdocked_000001:R8:directed_clash:270.0,20260510,270.0,"[16, 21]","[[0.56692654, 0.76877832, 0.29592934, 0.0], [0.07192402, 0.311672, -0.94746375, 0.0], [-0.8206225, 0.55842674, 0.12140149, 0.0], [0.0, 0.0, 0.0, 1.0]]",R8,"[21, 22]",16,21,21,near_miss_contact,hard,near_miss_contact,near_miss,target_severe_pairs_below_threshold,,,,True,True,True,True,True,True,0,MMFF,606.4413997306852,606.3612423172663,-0.08015741341898774,True,record_only,0.0,0.0,1.3324300050735474,0.4,0.4,0,0,0.0,0.0,0.0,0.0,0,0,0,0.0,0.0,,,0.0,0.0,no_clash,no_repair_needed,[],,no_target_severe,no_target_severe,no_target_severe,samples/case_000031.pkl,ligands/case_000031_original.sdf,ligands/case_000031_failed.sdf
case_000032,complex_crossdocked_000001,complex_crossdocked_000001,test,test,CDGT2_BACCI_28_713_0,CDGT2_BACCI_28_713_0,crossdocked_subset,directed_clash,complex_crossdocked_000001:R8:directed_clash:90.0,20260510,90.0,"[16, 21]","[[0.56692654, 0.07192402, -0.8206225, 0.0], [0.76877832, 0.311672, 0.55842674, 0.0], [0.29592934, -0.94746375, 0.12140149, 0.0], [0.0, 0.0, 0.0, 1.0]]",R8,"[21, 22]",16,21,21,near_miss_contact,hard,near_miss_contact,near_miss,target_severe_pairs_below_threshold,,,,True,True,True,True,True,True,0,MMFF,606.4413997306852,614.162764728156,7.7213649974708005,True,record_only,0.0,0.0,1.3324260711669922,0.4,0.4,0,0,0.0,0.0,0.0,0.0,0,0,0,0.0,0.0,,,0.0,0.0,no_clash,no_repair_needed,[],,no_target_severe,no_target_severe,no_target_severe,samples/case_000032.pkl,ligands/case_000032_original.sdf,ligands/case_000032_failed.sdf
case_000033,complex_crossdocked_000001,complex_crossdocked_000001,test,test,CDGT2_BACCI_28_713_0,CDGT2_BACCI_28_713_0,crossdocked_subset,directed_clash,complex_crossdocked_000001:R8:directed_clash:330.0,20260510,330.0,"[16, 21]","[[0.94197917, 0.23052996, 0.24399018, 0.0], [-0.1178972, 0.90778154, -0.40253314, 0.0], [-0.31428573, 0.35041207, 0.88229012, 0.0], [0.0, 0.0, 0.0, 1.0]]",R8,"[21, 22]",16,21,21,near_miss_contact,hard,near_miss_contact,near_miss,target_severe_pairs_below_threshold,,,,True,True,True,True,True,True,0,MMFF,606.4413997306852,605.8183361308476,-0.6230635998376783,True,record_only,0.0,0.0,0.4877030551433563,0.4,0.4,0,0,0.0,0.0,0.0,0.0,0,0,0,0.0,0.0,,,0.0,0.0,no_clash,no_repair_needed,[],,no_target_severe,no_target_severe,no_target_severe,samples/case_000033.pkl,ligands/case_000033_original.sdf,ligands/case_000033_failed.sdf
case_000034,complex_crossdocked_000001,complex_crossdocked_000001,test,test,CDGT2_BACCI_28_713_0,CDGT2_BACCI_28_713_0,crossdocked_subset,directed_clash,complex_crossdocked_000001:R8:directed_clash:120.0,20260510,120.0,"[16, 21]","[[0.35038978, 0.32878, -0.87700099, 0.0], [0.93227357, -0.03249201, 0.36029196, 0.0], [0.08996127, -0.94384742, -0.31789777, 0.0], [0.0, 0.0, 0.0, 1.0]]",R8,"[21, 22]",16,21,21,duplicate_removed,hard,near_miss_contact,duplicate_removed,target_severe_pairs_below_threshold,,,case_000020,True,True,True,True,True,True,0,MMFF,606.4413997306852,613.4388936679848,6.9974939372995095,True,record_only,0.0,0.0,1.6318833827972412,0.4,0.4,0,0,0.0,0.0,0.0,0.0,0,0,0,0.0,0.0,,,0.0,0.0,no_clash,no_repair_needed,[],,no_target_severe,no_target_severe,no_target_severe,samples/case_000034.pkl,ligands/case_000034_original.sdf,ligands/case_000034_failed.sdf
case_000035,complex_crossdocked_000001,complex_crossdocked_000001,test,test,CDGT2_BACCI_28_713_0,CDGT2_BACCI_28_713_0,crossdocked_subset,directed_clash,complex_crossdocked_000001:R8:directed_clash:240.0,20260510,240.0,"[16, 21]","[[0.35038978, 0.93227357, 0.08996127, 0.0], [0.32878, -0.03249201, -0.94384742, 0.0], [-0.87700099, 0.36029196, -0.31789777, 0.0], [0.0, 0.0, 0.0, 1.0]]",R8,"[21, 22]",16,21,21,duplicate_removed,hard,near_miss_contact,duplicate_removed,target_severe_pairs_below_threshold,,,case_000022,True,True,True,True,True,True,0,MMFF,606.4413997306852,610.1490824090429,3.707682678357628,True,record_only,0.0,0.0,1.6318846940994263,0.4,0.4,0,0,0.0,0.0,0.0,0.0,0,0,0,0.0,0.0,,,0.0,0.0,no_clash,no_repair_needed,[],,no_target_severe,no_target_severe,no_target_severe,samples/case_000035.pkl,ligands/case_000035_original.sdf,ligands/case_000035_failed.sdf
case_000036,complex_crossdocked_000001,complex_crossdocked_000001,test,test,CDGT2_BACCI_28_713_0,CDGT2_BACCI_28_713_0,crossdocked_subset,directed_clash,complex_crossdocked_000001:R8:directed_clash:300.0,20260510,300.0,"[16, 21]","[[0.78346324, 0.51192236, 0.35230783, 0.0], [-0.09157118, 0.65583599, -0.74932897, 0.0], [-0.61465442, 0.55481046, 0.56070071, 0.0], [0.0, 0.0, 0.0, 1.0]]",R8,"[21, 22]",16,21,21,duplicate_removed,hard,near_miss_contact,duplicate_removed,target_severe_pairs_below_threshold,,,case_000023,True,True,True,True,True,True,0,MMFF,606.4413997306852,604.9794407601632,-1.461958970522005,True,record_only,0.0,0.0,0.9421679377555847,0.4,0.4,0,0,0.0,0.0,0.0,0.0,0,0,0,0.0,0.0,,,0.0,0.0,no_clash,no_repair_needed,[],,no_target_severe,no_target_severe,no_target_severe,samples/case_000036.pkl,ligands/case_000036_original.sdf,ligands/case_000036_failed.sdf
case_000037,complex_crossdocked_000002,complex_crossdocked_000002,test,test,CDGT2_BACCI_28_713_0,CDGT2_BACCI_28_713_0,crossdocked_subset,easy_rotation,complex_crossdocked_000002:R4:easy_rotation:60.0,20260510,60.0,"[5, 10]","[[0.5006687, 0.78138071, -0.37252522, 0.0], [-0.79640836, 0.58442825, 0.15549065, 0.0], [0.33921164, 0.21883288, 0.91490304, 0.0], [0.0, 0.0, 0.0, 1.0]]",R4,"[10, 11]",5,10,9,near_miss_contact,hard,near_miss_contact,near_miss,target_severe_pairs_below_threshold,,,,True,True,True,True,True,True,0,MMFF,602.5170627000748,601.0647758738348,-1.4522868262399697,True,record_only,0.0,0.0,0.9459401369094849,0.4,0.4,0,0,0.0,0.0,0.0,0.0,0,0,0,0.0,0.0,,,0.0,0.0,no_clash,no_repair_needed,[],,no_target_severe,no_target_severe,no_target_severe,samples/case_000037.pkl,ligands/case_000037_original.sdf,ligands/case_000037_failed.sdf
case_000038,complex_crossdocked_000002,complex_crossdocked_000002,test,test,CDGT2_BACCI_28_713_0,CDGT2_BACCI_28_713_0,crossdocked_subset,easy_rotation,complex_crossdocked_000002:R4:easy_rotation:120.0,20260510,120.0,"[5, 10]","[[-0.49799389, 0.76635307, -0.40583876, 0.0], [-0.81143606, -0.24671534, 0.52981418, 0.0], [0.30589807, 0.59315646, 0.74470919, 0.0], [0.0, 0.0, 0.0, 1.0]]",R4,"[10, 11]",5,10,9,near_miss_contact,hard,near_miss_contact,near_miss,target_severe_pairs_below_threshold,,,,True,True,True,True,True,True,0,MMFF,602.5170627000748,607.6697368186769,5.152674118602135,True,record_only,0.0,0.0,1.6384174823760986,0.4,0.4,0,0,0.0,0.0,0.0,0.0,0,0,0,0.0,0.0,,,0.0,0.0,no_clash,no_repair_needed,[],,no_target_severe,no_target_severe,no_target_severe,samples/case_000038.pkl,ligands/case_000038_original.sdf,ligands/case_000038_failed.sdf
case_000039,complex_crossdocked_000002,complex_crossdocked_000002,test,test,CDGT2_BACCI_28_713_0,CDGT2_BACCI_28_713_0,crossdocked_subset,easy_rotation,complex_crossdocked_000002:R4:easy_rotation:180.0,20260510,180.0,"[5, 10]","[[-0.99732518, -0.03005533, -0.06662712, 0.0], [-0.03005533, -0.66228712, 0.74864709, 0.0], [-0.06662712, 0.74864709, 0.6596123, 0.0], [0.0, 0.0, 0.0, 1.0]]",R4,"[10, 11]",5,10,9,near_miss_contact,hard,near_miss_contact,near_miss,target_severe_pairs_below_threshold,,,,True,True,True,True,True,True,0,MMFF,602.5170627000748,603.9750441961853,1.4579814961105058,True,record_only,0.0,0.0,1.8918824195861816,0.4,0.4,0,0,0.0,0.0,0.0,0.0,0,0,0,0.0,0.0,,,0.0,0.0,no_clash,no_repair_needed,[],,no_target_severe,no_target_severe,no_target_severe,samples/case_000039.pkl,ligands/case_000039_original.sdf,ligands/case_000039_failed.sdf
case_000040,complex_crossdocked_000002,complex_crossdocked_000002,test,test,CDGT2_BACCI_28_713_0,CDGT2_BACCI_28_713_0,crossdocked_subset,easy_rotation,complex_crossdocked_000002:R4:easy_rotation:240.0,20260510,240.0,"[5, 10]","[[-0.49799389, -0.81143606, 0.30589807, 0.0], [0.76635307, -0.24671534, 0.59315646, 0.0], [-0.40583876, 0.52981418, 0.74470919, 0.0], [0.0, 0.0, 0.0, 1.0]]",R4,"[10, 11]",5,10,9,near_miss_contact,hard,near_miss_contact,near_miss,target_severe_pairs_below_threshold,,,,True,True,True,True,True,True,0,MMFF,602.5170627000748,605.3630611187001,2.8459984186252996,True,record_only,0.0,0.0,1.638417363166809,0.4,0.4,0,0,0.0,0.0,0.0,0.0,0,0,0,0.0,0.0,,,0.0,0.0,no_clash,no_repair_needed,[],,no_target_severe,no_target_severe,no_target_severe,samples/case_000040.pkl,ligands/case_000040_original.sdf,ligands/case_000040_failed.sdf
case_000041,complex_crossdocked_000002,complex_crossdocked_000002,test,test,CDGT2_BACCI_28_713_0,CDGT2_BACCI_28_713_0,crossdocked_subset,easy_rotation,complex_crossdocked_000002:R4:easy_rotation:300.0,20260510,300.0,"[5, 10]","[[0.5006687, -0.79640836, 0.33921164, 0.0], [0.78138071, 0.58442825, 0.21883288, 0.0], [-0.37252522, 0.15549065, 0.91490304, 0.0], [0.0, 0.0, 0.0, 1.0]]",R4,"[10, 11]",5,10,9,supported_single_rgroup,easy,high_target_ratio_and_moderate_depth,accepted,,,,,True,True,True,True,True,True,0,MMFF,602.5170627000748,602.0470931072898,-0.4699695927849916,True,record_only,0.0,0.0,0.9459435939788818,0.4,0.4,1,1,0.28729550314352537,0.5359995365142822,1.0,1.0,0,0,1,0.28729550314352537,0.5359995365142822,R4,R4,1.0,1.0,single_rgroup_clash,local_rgroup_repair,"[{""region"": ""R4"", ""score"": 0.20314859847718786}]",A:446::GLY,target_severe,target_severe,target_severe,samples/case_000041.pkl,ligands/case_000041_original.sdf,ligands/case_000041_failed.sdf
case_000042,complex_crossdocked_000002,complex_crossdocked_000002,test,test,CDGT2_BACCI_28_713_0,CDGT2_BACCI_28_713_0,crossdocked_subset,torsion_perturb,complex_crossdocked_000002:R4:torsion_perturb:60.0,20260510,60.0,"[10, 11]","[[0.51010883, 0.56805789, 0.64583218, 0.0], [-0.66577905, 0.73616558, -0.12164908, 0.0], [-0.54454315, -0.36792728, 0.75372565, 0.0], [0.0, 0.0, 0.0, 1.0]]",R4,"[10, 11]",5,10,9,near_miss_contact,hard,near_miss_contact,near_miss,target_severe_pairs_below_threshold,,,,True,True,True,True,True,True,0,MMFF,602.5170627000748,602.5170627000748,0.0,True,record_only,0.0,0.0,0.0,0.4,0.4,0,0,0.0,0.0,0.0,0.0,0,0,0,0.0,0.0,,,0.0,0.0,no_clash,no_repair_needed,[],,no_target_severe,no_target_severe,no_target_severe,samples/case_000042.pkl,ligands/case_000042_original.sdf,ligands/case_000042_failed.sdf
case_000043,complex_crossdocked_000002,complex_crossdocked_000002,test,test,CDGT2_BACCI_28_713_0,CDGT2_BACCI_28_713_0,crossdocked_subset,torsion_perturb,complex_crossdocked_000002:R4:torsion_perturb:120.0,20260510,120.0,"[10, 11]","[[-0.46967351, 0.47033677, 0.74712121, 0.0], [-0.76350021, 0.20849666, -0.61122543, 0.0], [-0.44325408, -0.85750365, 0.26117685, 0.0], [0.0, 0.0, 0.0, 1.0]]",R4,"[10, 11]",5,10,9,duplicate_removed,hard,near_miss_contact,duplicate_removed,target_severe_pairs_below_threshold,,,case_000042,True,True,True,True,True,True,0,MMFF,602.5170627000748,602.5170627000748,0.0,True,record_only,0.0,0.0,0.0,0.4,0.4,0,0,0.0,0.0,0.0,0.0,0,0,0,0.0,0.0,,,0.0,0.0,no_clash,no_repair_needed,[],,no_target_severe,no_target_severe,no_target_severe,samples/case_000043.pkl,ligands/case_000043_original.sdf,ligands/case_000043_failed.sdf
case_000044,complex_crossdocked_000002,complex_crossdocked_000002,test,test,CDGT2_BACCI_28_713_0,CDGT2_BACCI_28_713_0,crossdocked_subset,torsion_perturb,complex_crossdocked_000002:R4:torsion_perturb:180.0,20260510,180.0,"[10, 11]","[[-0.95956469, -0.19544232, 0.2025781, 0.0], [-0.19544232, -0.05533778, -0.97915274, 0.0], [0.2025781, -0.97915274, 0.01490248, 0.0], [0.0, 0.0, 0.0, 1.0]]",R4,"[10, 11]",5,10,9,duplicate_removed,hard,near_miss_contact,duplicate_removed,target_severe_pairs_below_threshold,,,case_000042,True,True,True,True,True,True,0,MMFF,602.5170627000748,602.5170627000748,0.0,True,record_only,0.0,0.0,0.0,0.4,0.4,0,0,0.0,0.0,0.0,0.0,0,0,0,0.0,0.0,,,0.0,0.0,no_clash,no_repair_needed,[],,no_target_severe,no_target_severe,no_target_severe,samples/case_000044.pkl,ligands/case_000044_original.sdf,ligands/case_000044_failed.sdf
case_000045,complex_crossdocked_000002,complex_crossdocked_000002,test,test,CDGT2_BACCI_28_713_0,CDGT2_BACCI_28_713_0,crossdocked_subset,torsion_perturb,complex_crossdocked_000002:R4:torsion_perturb:240.0,20260510,240.0,"[10, 11]","[[-0.46967351, -0.76350021, -0.44325408, 0.0], [0.47033677, 0.20849666, -0.85750365, 0.0], [0.74712121, -0.61122543, 0.26117685, 0.0], [0.0, 0.0, 0.0, 1.0]]",R4,"[10, 11]",5,10,9,duplicate_removed,hard,near_miss_contact,duplicate_removed,target_severe_pairs_below_threshold,,,case_000042,True,True,True,True,True,True,0,MMFF,602.5170627000748,602.5170627000748,0.0,True,record_only,0.0,0.0,0.0,0.4,0.4,0,0,0.0,0.0,0.0,0.0,0,0,0,0.0,0.0,,,0.0,0.0,no_clash,no_repair_needed,[],,no_target_severe,no_target_severe,no_target_severe,samples/case_000045.pkl,ligands/case_000045_original.sdf,ligands/case_000045_failed.sdf
