case_id,base_sample_id,base_complex_id,base_split,derived_split,split_group,target_id,source_dataset,injection_mode,attempt_id,seed,rotation_angle_deg,rotation_axis_atom_pair,transform_matrix,target_rgroup,target_atom_indices,anchor_scaffold_atom_idx,anchor_rgroup_atom_idx,anchor_bond_idx,oracle_split,difficulty_bin,difficulty_reason,acceptance_status,reject_reason,unsupported_reason,invalid_reason,duplicate_of,ligand_valid,rdkit_sanitize_ok,rotatable_bond_valid,anchor_integrity_pass,bond_length_valid,chirality_preserved,ligand_internal_severe_clash_count,forcefield_type,energy_original,energy_failed,energy_delta,energy_delta_pass,energy_check_status,scaffold_rmsd,non_target_rgroup_rmsd,target_rgroup_rmsd,delta_angstrom,severe_depth_threshold_angstrom,target_num_clash_pairs,target_num_severe_pairs,target_total_score,target_max_depth,target_score_ratio_valid,target_score_ratio_all,non_target_num_severe_pairs,scaffold_num_severe_pairs,num_total_severe_pairs,total_clash_score,max_clash_depth,predicted_dominant_region_all,predicted_dominant_valid_rgroup,dominant_ratio_all_regions,dominant_ratio_valid_rgroups,failure_type,recommended_action,top_valid_rgroups_json,top_clash_residue,delta03_status,delta04_status,delta05_status,sample_path,original_ligand_sdf,failed_ligand_sdf
case_000019,complex_crossdocked_000001,complex_crossdocked_000001,test,test,CDGT2_BACCI_28_713_0,CDGT2_BACCI_28_713_0,crossdocked_subset,easy_rotation,complex_crossdocked_000001:R8:easy_rotation:60.0,20260510,60.0,"[16, 21]","[[0.78346324, -0.09157118, -0.61465442, 0.0], [0.51192236, 0.65583599, 0.55481046, 0.0], [0.35230783, -0.74932897, 0.56070071, 0.0], [0.0, 0.0, 0.0, 1.0]]",R8,"[21, 22]",16,21,21,invalid_conformer,invalid,ligand_self_invalid,invalid,,,ligand_internal_severe_clash,,False,True,True,True,True,True,1,MMFF,606.4413997306852,642.4138408081835,35.972441077498274,True,record_only,0.0,0.0,0.9421681761741638,0.4,0.4,0,0,0.0,0.0,0.0,0.0,0,0,0,0.0,0.0,,,0.0,0.0,no_clash,no_repair_needed,[],,no_target_severe,no_target_severe,no_target_severe,samples/case_000019.pkl,ligands/case_000019_original.sdf,ligands/case_000019_failed.sdf
case_000029,complex_crossdocked_000001,complex_crossdocked_000001,test,test,CDGT2_BACCI_28_713_0,CDGT2_BACCI_28_713_0,crossdocked_subset,directed_clash,complex_crossdocked_000001:R8:directed_clash:60.0,20260510,60.0,"[16, 21]","[[0.78346324, -0.09157118, -0.61465442, 0.0], [0.51192236, 0.65583599, 0.55481046, 0.0], [0.35230783, -0.74932897, 0.56070071, 0.0], [0.0, 0.0, 0.0, 1.0]]",R8,"[21, 22]",16,21,21,invalid_conformer,invalid,ligand_self_invalid,invalid,,,ligand_internal_severe_clash,,False,True,True,True,True,True,1,MMFF,606.4413997306852,642.4138408081835,35.972441077498274,True,record_only,0.0,0.0,0.9421681761741638,0.4,0.4,0,0,0.0,0.0,0.0,0.0,0,0,0,0.0,0.0,,,0.0,0.0,no_clash,no_repair_needed,[],,no_target_severe,no_target_severe,no_target_severe,samples/case_000029.pkl,ligands/case_000029_original.sdf,ligands/case_000029_failed.sdf
case_000057,complex_crossdocked_000002,complex_crossdocked_000002,test,test,CDGT2_BACCI_28_713_0,CDGT2_BACCI_28_713_0,crossdocked_subset,easy_rotation,complex_crossdocked_000002:R8:easy_rotation:180.0,20260510,180.0,"[16, 21]","[[-0.9998529, 0.0083294, 0.01499519, 0.0], [0.0083294, -0.52844524, 0.84892654, 0.0], [0.01499519, 0.84892654, 0.52829808, 0.0], [0.0, 0.0, 0.0, 1.0]]",R8,"[21, 22]",16,21,21,invalid_conformer,invalid,ligand_self_invalid,invalid,,,ligand_internal_severe_clash,,False,True,True,True,True,True,1,MMFF,602.5170627000748,645.839708922953,43.322646222878234,True,record_only,0.0,0.0,1.8849093914031982,0.4,0.4,0,0,0.0,0.0,0.0,0.0,0,0,0,0.0,0.0,,,0.0,0.0,no_clash,no_repair_needed,[],,no_target_severe,no_target_severe,no_target_severe,samples/case_000057.pkl,ligands/case_000057_original.sdf,ligands/case_000057_failed.sdf
case_000070,complex_crossdocked_000002,complex_crossdocked_000002,test,test,CDGT2_BACCI_28_713_0,CDGT2_BACCI_28_713_0,crossdocked_subset,directed_clash,complex_crossdocked_000002:R8:directed_clash:180.0,20260510,180.0,"[16, 21]","[[-0.9998529, 0.0083294, 0.01499519, 0.0], [0.0083294, -0.52844524, 0.84892654, 0.0], [0.01499519, 0.84892654, 0.52829808, 0.0], [0.0, 0.0, 0.0, 1.0]]",R8,"[21, 22]",16,21,21,invalid_conformer,invalid,ligand_self_invalid,invalid,,,ligand_internal_severe_clash,,False,True,True,True,True,True,1,MMFF,602.5170627000748,645.839708922953,43.322646222878234,True,record_only,0.0,0.0,1.8849093914031982,0.4,0.4,0,0,0.0,0.0,0.0,0.0,0,0,0,0.0,0.0,,,0.0,0.0,no_clash,no_repair_needed,[],,no_target_severe,no_target_severe,no_target_severe,samples/case_000070.pkl,ligands/case_000070_original.sdf,ligands/case_000070_failed.sdf
case_000093,complex_crossdocked_000003,complex_crossdocked_000003,test,test,CDGT2_BACCI_28_713_0,CDGT2_BACCI_28_713_0,crossdocked_subset,easy_rotation,complex_crossdocked_000003:R8:easy_rotation:180.0,20260510,180.0,"[16, 21]","[[-0.9985345, 0.02670002, 0.04707342, 0.0], [0.02670002, -0.51354194, 0.85764897, 0.0], [0.04707342, 0.85764897, 0.5120765, 0.0], [0.0, 0.0, 0.0, 1.0]]",R8,"[21, 22]",16,21,21,invalid_conformer,invalid,ligand_self_invalid,invalid,,,ligand_internal_severe_clash,,False,True,True,True,True,True,1,MMFF,604.2674288242501,634.4630786819281,30.19564985767795,True,record_only,0.0,0.0,1.8833410739898682,0.4,0.4,0,0,0.0,0.0,0.0,0.0,0,0,0,0.0,0.0,,,0.0,0.0,no_clash,no_repair_needed,[],,no_target_severe,no_target_severe,no_target_severe,samples/case_000093.pkl,ligands/case_000093_original.sdf,ligands/case_000093_failed.sdf
case_000106,complex_crossdocked_000003,complex_crossdocked_000003,test,test,CDGT2_BACCI_28_713_0,CDGT2_BACCI_28_713_0,crossdocked_subset,directed_clash,complex_crossdocked_000003:R8:directed_clash:180.0,20260510,180.0,"[16, 21]","[[-0.9985345, 0.02670002, 0.04707342, 0.0], [0.02670002, -0.51354194, 0.85764897, 0.0], [0.04707342, 0.85764897, 0.5120765, 0.0], [0.0, 0.0, 0.0, 1.0]]",R8,"[21, 22]",16,21,21,invalid_conformer,invalid,ligand_self_invalid,invalid,,,ligand_internal_severe_clash,,False,True,True,True,True,True,1,MMFF,604.2674288242501,634.4630786819281,30.19564985767795,True,record_only,0.0,0.0,1.8833410739898682,0.4,0.4,0,0,0.0,0.0,0.0,0.0,0,0,0,0.0,0.0,,,0.0,0.0,no_clash,no_repair_needed,[],,no_target_severe,no_target_severe,no_target_severe,samples/case_000106.pkl,ligands/case_000106_original.sdf,ligands/case_000106_failed.sdf
case_000131,complex_crossdocked_000004,complex_crossdocked_000004,test,test,CDGT2_BACCI_28_713_0,CDGT2_BACCI_28_713_0,crossdocked_subset,easy_rotation,complex_crossdocked_000004:R8:easy_rotation:300.0,20260510,300.0,"[16, 21]","[[0.95580786, 0.06756984, 0.28612176, 0.0], [0.20585576, 0.54100496, -0.81543672, 0.0], [-0.20989221, 0.83830065, 0.50318718, 0.0], [0.0, 0.0, 0.0, 1.0]]",R8,"[21, 22]",16,21,21,invalid_conformer,invalid,ligand_self_invalid,invalid,,,ligand_internal_severe_clash,,False,True,True,True,True,True,1,MMFF,609.3475443457789,641.6914788339261,32.34393448814717,True,record_only,0.0,0.0,0.9415108561515808,0.4,0.4,0,0,0.0,0.0,0.0,0.0,0,0,0,0.0,0.0,,,0.0,0.0,no_clash,no_repair_needed,[],,no_target_severe,no_target_severe,no_target_severe,samples/case_000131.pkl,ligands/case_000131_original.sdf,ligands/case_000131_failed.sdf
case_000140,complex_crossdocked_000004,complex_crossdocked_000004,test,test,CDGT2_BACCI_28_713_0,CDGT2_BACCI_28_713_0,crossdocked_subset,directed_clash,complex_crossdocked_000004:R8:directed_clash:300.0,20260510,300.0,"[16, 21]","[[0.95580786, 0.06756984, 0.28612176, 0.0], [0.20585576, 0.54100496, -0.81543672, 0.0], [-0.20989221, 0.83830065, 0.50318718, 0.0], [0.0, 0.0, 0.0, 1.0]]",R8,"[21, 22]",16,21,21,invalid_conformer,invalid,ligand_self_invalid,invalid,,,ligand_internal_severe_clash,,False,True,True,True,True,True,1,MMFF,609.3475443457789,641.6914788339261,32.34393448814717,True,record_only,0.0,0.0,0.9415108561515808,0.4,0.4,0,0,0.0,0.0,0.0,0.0,0,0,0,0.0,0.0,,,0.0,0.0,no_clash,no_repair_needed,[],,no_target_severe,no_target_severe,no_target_severe,samples/case_000140.pkl,ligands/case_000140_original.sdf,ligands/case_000140_failed.sdf
case_000178,complex_crossdocked_000005,complex_crossdocked_000005,test,test,CDGT2_BACCI_28_713_0,CDGT2_BACCI_28_713_0,crossdocked_subset,directed_clash,complex_crossdocked_000005:R8:directed_clash:150.0,20260510,150.0,"[16, 21]","[[-0.81523091, 0.55201381, -0.17515506, 0.0], [-0.40491009, -0.75952023, -0.50909412, 0.0], [-0.4140608, -0.34410724, 0.84270036, 0.0], [0.0, 0.0, 0.0, 1.0]]",R8,"[21, 22]",16,21,21,invalid_conformer,invalid,ligand_self_invalid,invalid,,,ligand_internal_severe_clash,,False,True,True,True,True,True,1,MMFF,606.0443071452047,66979.96881988551,66373.92451274031,True,record_only,0.0,0.0,1.8182621002197266,0.4,0.4,0,0,0.0,0.0,0.0,0.0,0,0,0,0.0,0.0,,,0.0,0.0,no_clash,no_repair_needed,[],,no_target_severe,no_target_severe,no_target_severe,samples/case_000178.pkl,ligands/case_000178_original.sdf,ligands/case_000178_failed.sdf
case_000211,complex_crossdocked_000006,complex_crossdocked_000006,test,test,CDGT2_BACCI_28_713_0,CDGT2_BACCI_28_713_0,crossdocked_subset,directed_clash,complex_crossdocked_000006:R8:directed_clash:210.0,20260510,210.0,"[16, 21]","[[-0.85672736, -0.50493652, -0.10515418, 0.0], [0.49120653, -0.86095679, 0.13217232, 0.0], [-0.15727183, 0.06158322, 0.98563331, 0.0], [0.0, 0.0, 0.0, 1.0]]",R8,"[21, 22]",16,21,21,invalid_conformer,invalid,ligand_self_invalid,invalid,,,ligand_internal_severe_clash,,False,True,True,True,True,True,1,MMFF,605.870558138844,625.262211396843,19.391653257998996,True,record_only,0.0,0.0,1.8186222314834595,0.4,0.4,1,0,0.04602137808939233,0.21452593803405762,1.0,1.0,0,0,0,0.04602137808939233,0.21452593803405762,,R8,0.0,1.0,no_clash,no_repair_needed,"[{""region"": ""R8"", ""score"": 0.03254202852655931}]",A:446::GLY,no_target_severe,no_target_severe,no_target_severe,samples/case_000211.pkl,ligands/case_000211_original.sdf,ligands/case_000211_failed.sdf
case_000236,complex_crossdocked_000007,complex_crossdocked_000007,test,test,CDGT2_BACCI_28_713_0,CDGT2_BACCI_28_713_0,crossdocked_subset,easy_rotation,complex_crossdocked_000007:R8:easy_rotation:120.0,20260510,120.0,"[16, 21]","[[-0.28525895, 0.93961889, 0.18905987, 0.0], [-0.54835927, -0.32178056, 0.77185452, 0.0], [0.78608489, 0.11650568, 0.60703951, 0.0], [0.0, 0.0, 0.0, 1.0]]",R8,"[21, 22]",16,21,21,invalid_conformer,invalid,ligand_self_invalid,invalid,,,ligand_internal_severe_clash,,False,True,True,True,True,True,1,MMFF,606.6319925367058,395061.7828861766,394455.1508936399,True,record_only,0.0,0.0,1.6300820112228394,0.4,0.4,0,0,0.0,0.0,0.0,0.0,0,0,0,0.0,0.0,,,0.0,0.0,no_clash,no_repair_needed,[],,no_target_severe,no_target_severe,no_target_severe,samples/case_000236.pkl,ligands/case_000236_original.sdf,ligands/case_000236_failed.sdf
case_000251,complex_crossdocked_000007,complex_crossdocked_000007,test,test,CDGT2_BACCI_28_713_0,CDGT2_BACCI_28_713_0,crossdocked_subset,directed_clash,complex_crossdocked_000007:R8:directed_clash:90.0,20260510,90.0,"[16, 21]","[[0.1431607, 0.98950446, -0.0196443, 0.0], [-0.7286647, 0.11881296, 0.67448586, 0.0], [0.6697408, -0.08224576, 0.73802632, 0.0], [0.0, 0.0, 0.0, 1.0]]",R8,"[21, 22]",16,21,21,invalid_conformer,invalid,ligand_self_invalid,invalid,,,ligand_internal_severe_clash,,False,True,True,True,True,True,1,MMFF,606.6319925367058,865.0772619302584,258.4452693935526,True,record_only,0.0,0.0,1.3309590816497803,0.4,0.4,0,0,0.0,0.0,0.0,0.0,0,0,0,0.0,0.0,,,0.0,0.0,no_clash,no_repair_needed,[],,no_target_severe,no_target_severe,no_target_severe,samples/case_000251.pkl,ligands/case_000251_original.sdf,ligands/case_000251_failed.sdf
case_000252,complex_crossdocked_000007,complex_crossdocked_000007,test,test,CDGT2_BACCI_28_713_0,CDGT2_BACCI_28_713_0,crossdocked_subset,directed_clash,complex_crossdocked_000007:R8:directed_clash:120.0,20260510,120.0,"[16, 21]","[[-0.28525895, 0.93961889, 0.18905987, 0.0], [-0.54835927, -0.32178056, 0.77185452, 0.0], [0.78608489, 0.11650568, 0.60703951, 0.0], [0.0, 0.0, 0.0, 1.0]]",R8,"[21, 22]",16,21,21,invalid_conformer,invalid,ligand_self_invalid,invalid,,,ligand_internal_severe_clash,,False,True,True,True,True,True,1,MMFF,606.6319925367058,395061.7828861766,394455.1508936399,True,record_only,0.0,0.0,1.6300820112228394,0.4,0.4,0,0,0.0,0.0,0.0,0.0,0,0,0,0.0,0.0,,,0.0,0.0,no_clash,no_repair_needed,[],,no_target_severe,no_target_severe,no_target_severe,samples/case_000252.pkl,ligands/case_000252_original.sdf,ligands/case_000252_failed.sdf
case_000273,complex_crossdocked_000008,complex_crossdocked_000008,test,test,CDGT2_BACCI_28_713_0,CDGT2_BACCI_28_713_0,crossdocked_subset,easy_rotation,complex_crossdocked_000008:R8:easy_rotation:180.0,20260510,180.0,"[16, 21]","[[-0.99111289, -0.04910052, -0.12362982, 0.0], [-0.04910052, -0.72872317, 0.68304592, 0.0], [-0.12362982, 0.68304592, 0.71983606, 0.0], [0.0, 0.0, 0.0, 1.0]]",R8,"[21, 22]",16,21,21,invalid_conformer,invalid,ligand_self_invalid,invalid,,,ligand_internal_severe_clash,,False,True,True,True,True,True,1,MMFF,601.8849589296249,644.5235650302953,42.63860610067047,True,record_only,0.0,0.0,1.8831286430358887,0.4,0.4,0,0,0.0,0.0,0.0,0.0,0,0,0,0.0,0.0,,,0.0,0.0,no_clash,no_repair_needed,[],,no_target_severe,no_target_severe,no_target_severe,samples/case_000273.pkl,ligands/case_000273_original.sdf,ligands/case_000273_failed.sdf
case_000285,complex_crossdocked_000008,complex_crossdocked_000008,test,test,CDGT2_BACCI_28_713_0,CDGT2_BACCI_28_713_0,crossdocked_subset,directed_clash,complex_crossdocked_000008:R8:directed_clash:180.0,20260510,180.0,"[16, 21]","[[-0.99111289, -0.04910052, -0.12362982, 0.0], [-0.04910052, -0.72872317, 0.68304592, 0.0], [-0.12362982, 0.68304592, 0.71983606, 0.0], [0.0, 0.0, 0.0, 1.0]]",R8,"[21, 22]",16,21,21,invalid_conformer,invalid,ligand_self_invalid,invalid,,,ligand_internal_severe_clash,,False,True,True,True,True,True,1,MMFF,601.8849589296249,644.5235650302953,42.63860610067047,True,record_only,0.0,0.0,1.8831286430358887,0.4,0.4,0,0,0.0,0.0,0.0,0.0,0,0,0,0.0,0.0,,,0.0,0.0,no_clash,no_repair_needed,[],,no_target_severe,no_target_severe,no_target_severe,samples/case_000285.pkl,ligands/case_000285_original.sdf,ligands/case_000285_failed.sdf
case_000309,complex_crossdocked_000009,complex_crossdocked_000009,test,test,CDGT2_BACCI_28_713_0,CDGT2_BACCI_28_713_0,crossdocked_subset,easy_rotation,complex_crossdocked_000009:R8:easy_rotation:180.0,20260510,180.0,"[16, 21]","[[-0.99992937, 0.00060408, 0.01186928, 0.0], [0.00060408, -0.99483305, 0.1015226, 0.0], [0.01186928, 0.1015226, 0.99476242, 0.0], [0.0, 0.0, 0.0, 1.0]]",R8,"[21, 22]",16,21,21,invalid_conformer,invalid,ligand_self_invalid,invalid,,,ligand_internal_severe_clash,,False,True,True,True,True,True,1,MMFF,604.7275844466097,634.6419894842475,29.91440503763772,True,record_only,0.0,0.0,1.8845628499984741,0.4,0.4,0,0,0.0,0.0,0.0,0.0,0,0,0,0.0,0.0,,,0.0,0.0,no_clash,no_repair_needed,[],,no_target_severe,no_target_severe,no_target_severe,samples/case_000309.pkl,ligands/case_000309_original.sdf,ligands/case_000309_failed.sdf
case_000322,complex_crossdocked_000009,complex_crossdocked_000009,test,test,CDGT2_BACCI_28_713_0,CDGT2_BACCI_28_713_0,crossdocked_subset,directed_clash,complex_crossdocked_000009:R8:directed_clash:180.0,20260510,180.0,"[16, 21]","[[-0.99992937, 0.00060408, 0.01186928, 0.0], [0.00060408, -0.99483305, 0.1015226, 0.0], [0.01186928, 0.1015226, 0.99476242, 0.0], [0.0, 0.0, 0.0, 1.0]]",R8,"[21, 22]",16,21,21,invalid_conformer,invalid,ligand_self_invalid,invalid,,,ligand_internal_severe_clash,,False,True,True,True,True,True,1,MMFF,604.7275844466097,634.6419894842475,29.91440503763772,True,record_only,0.0,0.0,1.8845628499984741,0.4,0.4,0,0,0.0,0.0,0.0,0.0,0,0,0,0.0,0.0,,,0.0,0.0,no_clash,no_repair_needed,[],,no_target_severe,no_target_severe,no_target_severe,samples/case_000322.pkl,ligands/case_000322_original.sdf,ligands/case_000322_failed.sdf
case_000345,complex_crossdocked_000010,complex_crossdocked_000010,test,test,CDGT2_BACCI_28_713_0,CDGT2_BACCI_28_713_0,crossdocked_subset,easy_rotation,complex_crossdocked_000010:R8:easy_rotation:180.0,20260510,180.0,"[16, 21]","[[-0.99799562, 0.02923249, 0.05612663, 0.0], [0.02923249, -0.57366377, 0.81856912, 0.0], [0.05612663, 0.81856912, 0.57165939, 0.0], [0.0, 0.0, 0.0, 1.0]]",R8,"[21, 22]",16,21,21,invalid_conformer,invalid,ligand_self_invalid,invalid,,,ligand_internal_severe_clash,,False,True,True,True,True,True,1,MMFF,603.5932072375922,629.458795993027,25.86558875543483,True,record_only,0.0,0.0,1.8839372396469116,0.4,0.4,0,0,0.0,0.0,0.0,0.0,0,0,0,0.0,0.0,,,0.0,0.0,no_clash,no_repair_needed,[],,no_target_severe,no_target_severe,no_target_severe,samples/case_000345.pkl,ligands/case_000345_original.sdf,ligands/case_000345_failed.sdf
case_000358,complex_crossdocked_000010,complex_crossdocked_000010,test,test,CDGT2_BACCI_28_713_0,CDGT2_BACCI_28_713_0,crossdocked_subset,directed_clash,complex_crossdocked_000010:R8:directed_clash:180.0,20260510,180.0,"[16, 21]","[[-0.99799562, 0.02923249, 0.05612663, 0.0], [0.02923249, -0.57366377, 0.81856912, 0.0], [0.05612663, 0.81856912, 0.57165939, 0.0], [0.0, 0.0, 0.0, 1.0]]",R8,"[21, 22]",16,21,21,invalid_conformer,invalid,ligand_self_invalid,invalid,,,ligand_internal_severe_clash,,False,True,True,True,True,True,1,MMFF,603.5932072375922,629.458795993027,25.86558875543483,True,record_only,0.0,0.0,1.8839372396469116,0.4,0.4,0,0,0.0,0.0,0.0,0.0,0,0,0,0.0,0.0,,,0.0,0.0,no_clash,no_repair_needed,[],,no_target_severe,no_target_severe,no_target_severe,samples/case_000358.pkl,ligands/case_000358_original.sdf,ligands/case_000358_failed.sdf
case_000381,complex_crossdocked_000011,complex_crossdocked_000011,test,test,CDGT2_BACCI_28_713_0,CDGT2_BACCI_28_713_0,crossdocked_subset,easy_rotation,complex_crossdocked_000011:R8:easy_rotation:180.0,20260510,180.0,"[16, 21]","[[-0.99807775, -0.00519402, -0.06175618, 0.0], [-0.00519402, -0.98596549, 0.16686849, 0.0], [-0.06175618, 0.16686849, 0.98404324, 0.0], [0.0, 0.0, 0.0, 1.0]]",R8,"[21, 22]",16,21,21,invalid_conformer,invalid,ligand_self_invalid,invalid,,,ligand_internal_severe_clash,,False,True,True,True,True,True,1,MMFF,602.0251375681263,652.98011806015,50.95498049202365,True,record_only,0.0,0.0,1.8829692602157593,0.4,0.4,0,0,0.0,0.0,0.0,0.0,0,0,0,0.0,0.0,,,0.0,0.0,no_clash,no_repair_needed,[],,no_target_severe,no_target_severe,no_target_severe,samples/case_000381.pkl,ligands/case_000381_original.sdf,ligands/case_000381_failed.sdf
case_000391,complex_crossdocked_000011,complex_crossdocked_000011,test,test,CDGT2_BACCI_28_713_0,CDGT2_BACCI_28_713_0,crossdocked_subset,directed_clash,complex_crossdocked_000011:R8:directed_clash:210.0,20260510,210.0,"[16, 21]","[[-0.86423194, -0.50284749, -0.01573476, 0.0], [0.49315533, -0.85293102, 0.17119144, 0.0], [-0.09950384, 0.14018942, 0.98511213, 0.0], [0.0, 0.0, 0.0, 1.0]]",R8,"[21, 22]",16,21,21,invalid_conformer,invalid,ligand_self_invalid,invalid,,,ligand_internal_severe_clash,,False,True,True,True,True,True,1,MMFF,602.0251375681263,617.6633289348084,15.638191366682122,True,record_only,0.0,0.0,1.818809986114502,0.4,0.4,1,0,0.05672729028469803,0.2381749153137207,1.0,1.0,0,0,0,0.05672729028469803,0.2381749153137207,,R8,0.0,1.0,no_clash,no_repair_needed,"[{""region"": ""R8"", ""score"": 0.040112251638647727}]",A:446::GLY,no_target_severe,no_target_severe,no_target_severe,samples/case_000391.pkl,ligands/case_000391_original.sdf,ligands/case_000391_failed.sdf
case_000394,complex_crossdocked_000011,complex_crossdocked_000011,test,test,CDGT2_BACCI_28_713_0,CDGT2_BACCI_28_713_0,crossdocked_subset,directed_clash,complex_crossdocked_000011:R8:directed_clash:180.0,20260510,180.0,"[16, 21]","[[-0.99807775, -0.00519402, -0.06175618, 0.0], [-0.00519402, -0.98596549, 0.16686849, 0.0], [-0.06175618, 0.16686849, 0.98404324, 0.0], [0.0, 0.0, 0.0, 1.0]]",R8,"[21, 22]",16,21,21,invalid_conformer,invalid,ligand_self_invalid,invalid,,,ligand_internal_severe_clash,,False,True,True,True,True,True,1,MMFF,602.0251375681263,652.98011806015,50.95498049202365,True,record_only,0.0,0.0,1.8829692602157593,0.4,0.4,0,0,0.0,0.0,0.0,0.0,0,0,0,0.0,0.0,,,0.0,0.0,no_clash,no_repair_needed,[],,no_target_severe,no_target_severe,no_target_severe,samples/case_000394.pkl,ligands/case_000394_original.sdf,ligands/case_000394_failed.sdf
case_000417,complex_crossdocked_000012,complex_crossdocked_000012,test,test,CDGT2_BACCI_28_713_0,CDGT2_BACCI_28_713_0,crossdocked_subset,easy_rotation,complex_crossdocked_000012:R8:easy_rotation:180.0,20260510,180.0,"[16, 21]","[[0.30325344, 0.2291045, -0.92495865, 0.0], [0.2291045, -0.95972472, -0.16260244, 0.0], [-0.92495865, -0.16260244, -0.34352869, 0.0], [0.0, 0.0, 0.0, 1.0]]",R8,"[21, 22]",16,21,21,invalid_conformer,invalid,ligand_self_invalid,invalid,,,ligand_internal_severe_clash,,False,True,True,True,True,True,1,MMFF,599.810725242707,623.012386058095,23.20166081538798,True,record_only,0.0,0.0,1.8837724924087524,0.4,0.4,0,0,0.0,0.0,0.0,0.0,0,0,0,0.0,0.0,,,0.0,0.0,no_clash,no_repair_needed,[],,no_target_severe,no_target_severe,no_target_severe,samples/case_000417.pkl,ligands/case_000417_original.sdf,ligands/case_000417_failed.sdf
case_000428,complex_crossdocked_000012,complex_crossdocked_000012,test,test,CDGT2_BACCI_28_713_0,CDGT2_BACCI_28_713_0,crossdocked_subset,directed_clash,complex_crossdocked_000012:R8:directed_clash:180.0,20260510,180.0,"[16, 21]","[[0.30325344, 0.2291045, -0.92495865, 0.0], [0.2291045, -0.95972472, -0.16260244, 0.0], [-0.92495865, -0.16260244, -0.34352869, 0.0], [0.0, 0.0, 0.0, 1.0]]",R8,"[21, 22]",16,21,21,invalid_conformer,invalid,ligand_self_invalid,invalid,,,ligand_internal_severe_clash,,False,True,True,True,True,True,1,MMFF,599.810725242707,623.012386058095,23.20166081538798,True,record_only,0.0,0.0,1.8837724924087524,0.4,0.4,0,0,0.0,0.0,0.0,0.0,0,0,0,0.0,0.0,,,0.0,0.0,no_clash,no_repair_needed,[],,no_target_severe,no_target_severe,no_target_severe,samples/case_000428.pkl,ligands/case_000428_original.sdf,ligands/case_000428_failed.sdf
case_000429,complex_crossdocked_000012,complex_crossdocked_000012,test,test,CDGT2_BACCI_28_713_0,CDGT2_BACCI_28_713_0,crossdocked_subset,directed_clash,complex_crossdocked_000012:R8:directed_clash:150.0,20260510,150.0,"[16, 21]","[[0.34992659, 0.50021666, -0.79204458, 0.0], [-0.07270186, -0.82844806, -0.55532712, 0.0], [-0.93395174, 0.25190684, -0.25352934, 0.0], [0.0, 0.0, 0.0, 1.0]]",R8,"[21, 22]",16,21,21,invalid_conformer,invalid,ligand_self_invalid,invalid,,,ligand_internal_severe_clash,,False,True,True,True,True,True,1,MMFF,599.810725242707,727.5862742691422,127.77554902643521,True,record_only,0.0,0.0,1.819581389427185,0.4,0.4,0,0,0.0,0.0,0.0,0.0,0,0,0,0.0,0.0,,,0.0,0.0,no_clash,no_repair_needed,[],,no_target_severe,no_target_severe,no_target_severe,samples/case_000429.pkl,ligands/case_000429_original.sdf,ligands/case_000429_failed.sdf
case_000453,complex_crossdocked_000013,complex_crossdocked_000013,test,test,CDGT2_BACCI_28_713_0,CDGT2_BACCI_28_713_0,crossdocked_subset,easy_rotation,complex_crossdocked_000013:R8:easy_rotation:180.0,20260510,180.0,"[16, 21]","[[-0.99654615, -0.04994742, -0.06634048, 0.0], [-0.04994742, -0.27769506, 0.95936996, 0.0], [-0.06634048, 0.95936996, 0.27424118, 0.0], [0.0, 0.0, 0.0, 1.0]]",R8,"[21, 22]",16,21,21,invalid_conformer,invalid,ligand_self_invalid,invalid,,,ligand_internal_severe_clash,,False,True,True,True,True,True,1,MMFF,600.4506058239526,627.2838926728662,26.83328684891353,True,record_only,0.0,0.0,1.8836339712142944,0.4,0.4,0,0,0.0,0.0,0.0,0.0,0,0,0,0.0,0.0,,,0.0,0.0,no_clash,no_repair_needed,[],,no_target_severe,no_target_severe,no_target_severe,samples/case_000453.pkl,ligands/case_000453_original.sdf,ligands/case_000453_failed.sdf
case_000466,complex_crossdocked_000013,complex_crossdocked_000013,test,test,CDGT2_BACCI_28_713_0,CDGT2_BACCI_28_713_0,crossdocked_subset,directed_clash,complex_crossdocked_000013:R8:directed_clash:180.0,20260510,180.0,"[16, 21]","[[-0.99654615, -0.04994742, -0.06634048, 0.0], [-0.04994742, -0.27769506, 0.95936996, 0.0], [-0.06634048, 0.95936996, 0.27424118, 0.0], [0.0, 0.0, 0.0, 1.0]]",R8,"[21, 22]",16,21,21,invalid_conformer,invalid,ligand_self_invalid,invalid,,,ligand_internal_severe_clash,,False,True,True,True,True,True,1,MMFF,600.4506058239526,627.2838926728662,26.83328684891353,True,record_only,0.0,0.0,1.8836339712142944,0.4,0.4,0,0,0.0,0.0,0.0,0.0,0,0,0,0.0,0.0,,,0.0,0.0,no_clash,no_repair_needed,[],,no_target_severe,no_target_severe,no_target_severe,samples/case_000466.pkl,ligands/case_000466_original.sdf,ligands/case_000466_failed.sdf
case_000527,complex_crossdocked_000015,complex_crossdocked_000015,test,test,CDGT2_BACCI_28_713_0,CDGT2_BACCI_28_713_0,crossdocked_subset,easy_rotation,complex_crossdocked_000015:R8:easy_rotation:300.0,20260510,300.0,"[16, 21]","[[0.97576332, -0.00860368, 0.2186594, 0.0], [0.19144411, 0.51756686, -0.8339507, 0.0], [-0.10599581, 0.85559952, 0.50666988, 0.0], [0.0, 0.0, 0.0, 1.0]]",R8,"[21, 22]",16,21,21,invalid_conformer,invalid,ligand_self_invalid,invalid,,,ligand_internal_severe_clash,,False,True,True,True,True,True,1,MMFF,606.5057481713432,663.4091886681333,56.903440496790154,True,record_only,0.0,0.0,0.9421928524971008,0.4,0.4,0,0,0.0,0.0,0.0,0.0,0,0,0,0.0,0.0,,,0.0,0.0,no_clash,no_repair_needed,[],,no_target_severe,no_target_severe,no_target_severe,samples/case_000527.pkl,ligands/case_000527_original.sdf,ligands/case_000527_failed.sdf
case_000535,complex_crossdocked_000015,complex_crossdocked_000015,test,test,CDGT2_BACCI_28_713_0,CDGT2_BACCI_28_713_0,crossdocked_subset,directed_clash,complex_crossdocked_000015:R8:directed_clash:300.0,20260510,300.0,"[16, 21]","[[0.97576332, -0.00860368, 0.2186594, 0.0], [0.19144411, 0.51756686, -0.8339507, 0.0], [-0.10599581, 0.85559952, 0.50666988, 0.0], [0.0, 0.0, 0.0, 1.0]]",R8,"[21, 22]",16,21,21,invalid_conformer,invalid,ligand_self_invalid,invalid,,,ligand_internal_severe_clash,,False,True,True,True,True,True,1,MMFF,606.5057481713432,663.4091886681333,56.903440496790154,True,record_only,0.0,0.0,0.9421928524971008,0.4,0.4,0,0,0.0,0.0,0.0,0.0,0,0,0,0.0,0.0,,,0.0,0.0,no_clash,no_repair_needed,[],,no_target_severe,no_target_severe,no_target_severe,samples/case_000535.pkl,ligands/case_000535_original.sdf,ligands/case_000535_failed.sdf
case_000563,complex_crossdocked_000016,complex_crossdocked_000016,test,test,CDGT2_BACCI_28_713_0,CDGT2_BACCI_28_713_0,crossdocked_subset,easy_rotation,complex_crossdocked_000016:R8:easy_rotation:300.0,20260510,300.0,"[16, 21]","[[0.97430968, 0.06421953, 0.21586223, 0.0], [0.15108225, 0.52443278, -0.83794057, 0.0], [-0.16701739, 0.84902656, 0.50125754, 0.0], [0.0, 0.0, 0.0, 1.0]]",R8,"[21, 22]",16,21,21,invalid_conformer,invalid,ligand_self_invalid,invalid,,,ligand_internal_severe_clash,,False,True,True,True,True,True,1,MMFF,606.9551253102011,666.0493700492297,59.09424473902857,True,record_only,0.0,0.0,0.9417216181755066,0.4,0.4,0,0,0.0,0.0,0.0,0.0,0,0,0,0.0,0.0,,,0.0,0.0,no_clash,no_repair_needed,[],,no_target_severe,no_target_severe,no_target_severe,samples/case_000563.pkl,ligands/case_000563_original.sdf,ligands/case_000563_failed.sdf
case_000572,complex_crossdocked_000016,complex_crossdocked_000016,test,test,CDGT2_BACCI_28_713_0,CDGT2_BACCI_28_713_0,crossdocked_subset,directed_clash,complex_crossdocked_000016:R8:directed_clash:300.0,20260510,300.0,"[16, 21]","[[0.97430968, 0.06421953, 0.21586223, 0.0], [0.15108225, 0.52443278, -0.83794057, 0.0], [-0.16701739, 0.84902656, 0.50125754, 0.0], [0.0, 0.0, 0.0, 1.0]]",R8,"[21, 22]",16,21,21,invalid_conformer,invalid,ligand_self_invalid,invalid,,,ligand_internal_severe_clash,,False,True,True,True,True,True,1,MMFF,606.9551253102011,666.0493700492297,59.09424473902857,True,record_only,0.0,0.0,0.9417216181755066,0.4,0.4,0,0,0.0,0.0,0.0,0.0,0,0,0,0.0,0.0,,,0.0,0.0,no_clash,no_repair_needed,[],,no_target_severe,no_target_severe,no_target_severe,samples/case_000572.pkl,ligands/case_000572_original.sdf,ligands/case_000572_failed.sdf
case_000793,complex_crossdocked_000021,complex_crossdocked_000021,test,test,IPPK_MOUSE_1_468_0,IPPK_MOUSE_1_468_0,crossdocked_subset,easy_rotation,complex_crossdocked_000021:R1:easy_rotation:60.0,20260510,60.0,"[0, 6]","[[0.68334764, 0.43724814, -0.58467948, 0.0], [-0.70629776, 0.59870279, -0.37775439, 0.0], [0.18487684, 0.67109537, 0.71794957, 0.0], [0.0, 0.0, 0.0, 1.0]]",R1,"[6, 7, 8, 9, 10]",0,6,0,invalid_conformer,invalid,ligand_self_invalid,invalid,,,ligand_internal_severe_clash,,False,True,True,True,True,True,3,MMFF,-500.6500468607243,-318.4523426218823,182.197704238842,True,record_only,0.0,0.0,1.6513639688491821,0.4,0.4,1,1,0.6641613607391719,0.8149609565734863,1.0,1.0,0,0,1,0.6641613607391719,0.8149609565734863,R1,R1,1.0,1.0,single_rgroup_clash,local_rgroup_repair,"[{""region"": ""R1"", ""score"": 0.29702199012830965}]",A:140::LYS,target_severe,target_severe,target_severe,samples/case_000793.pkl,ligands/case_000793_original.sdf,ligands/case_000793_failed.sdf
case_000794,complex_crossdocked_000021,complex_crossdocked_000021,test,test,IPPK_MOUSE_1_468_0,IPPK_MOUSE_1_468_0,crossdocked_subset,easy_rotation,complex_crossdocked_000021:R1:easy_rotation:120.0,20260510,120.0,"[0, 6]","[[0.05004292, 0.16819848, -0.98448211, 0.0], [-0.97534746, -0.20389155, -0.0844134, 0.0], [-0.21492578, 0.96443635, 0.15384863, 0.0], [0.0, 0.0, 0.0, 1.0]]",R1,"[6, 7, 8, 9, 10]",0,6,0,invalid_conformer,invalid,ligand_self_invalid,invalid,,,ligand_internal_severe_clash,,False,True,True,True,True,True,1,MMFF,-500.6500468607243,-449.2097682951784,51.440278565545896,True,record_only,0.0,0.0,2.860246419906616,0.4,0.4,5,2,2.2568497842832613,1.2371455430984497,1.0,1.0,0,0,2,2.2568497842832613,1.2371455430984497,R1,R1,1.0,1.0,single_rgroup_clash,local_rgroup_repair,"[{""region"": ""R1"", ""score"": 1.0092939065326216}]",A:140::LYS,target_severe,target_severe,target_severe,samples/case_000794.pkl,ligands/case_000794_original.sdf,ligands/case_000794_failed.sdf
case_000796,complex_crossdocked_000021,complex_crossdocked_000021,test,test,IPPK_MOUSE_1_468_0,IPPK_MOUSE_1_468_0,crossdocked_subset,easy_rotation,complex_crossdocked_000021:R1:easy_rotation:240.0,20260510,240.0,"[0, 6]","[[0.05004292, -0.97534746, -0.21492578, 0.0], [0.16819848, -0.20389155, 0.96443635, 0.0], [-0.98448211, -0.0844134, 0.15384863, 0.0], [0.0, 0.0, 0.0, 1.0]]",R1,"[6, 7, 8, 9, 10]",0,6,0,invalid_conformer,invalid,ligand_self_invalid,invalid,,,ligand_internal_severe_clash,,False,True,True,True,True,True,5,MMFF,-500.6500468607243,734.0962733518727,1234.7463202125969,True,record_only,0.0,0.0,2.860246419906616,0.4,0.4,0,0,0.0,0.0,0.0,0.0,0,0,0,0.0,0.0,,,0.0,0.0,no_clash,no_repair_needed,[],,no_target_severe,no_target_severe,no_target_severe,samples/case_000796.pkl,ligands/case_000796_original.sdf,ligands/case_000796_failed.sdf
case_000797,complex_crossdocked_000021,complex_crossdocked_000021,test,test,IPPK_MOUSE_1_468_0,IPPK_MOUSE_1_468_0,crossdocked_subset,easy_rotation,complex_crossdocked_000021:R1:easy_rotation:300.0,20260510,300.0,"[0, 6]","[[0.68334764, -0.70629776, 0.18487684, 0.0], [0.43724814, 0.59870279, 0.67109537, 0.0], [-0.58467948, -0.37775439, 0.71794957, 0.0], [0.0, 0.0, 0.0, 1.0]]",R1,"[6, 7, 8, 9, 10]",0,6,0,invalid_conformer,invalid,ligand_self_invalid,invalid,,,ligand_internal_severe_clash,,False,True,True,True,True,True,1,MMFF,-500.6500468607243,-452.0168301158631,48.63321674486116,True,record_only,0.0,0.0,1.6513638496398926,0.4,0.4,0,0,0.0,0.0,0.0,0.0,0,0,0,0.0,0.0,,,0.0,0.0,no_clash,no_repair_needed,[],,no_target_severe,no_target_severe,no_target_severe,samples/case_000797.pkl,ligands/case_000797_original.sdf,ligands/case_000797_failed.sdf
case_000803,complex_crossdocked_000021,complex_crossdocked_000021,test,test,IPPK_MOUSE_1_468_0,IPPK_MOUSE_1_468_0,crossdocked_subset,directed_clash,complex_crossdocked_000021:R1:directed_clash:120.0,20260510,120.0,"[0, 6]","[[0.05004292, 0.16819848, -0.98448211, 0.0], [-0.97534746, -0.20389155, -0.0844134, 0.0], [-0.21492578, 0.96443635, 0.15384863, 0.0], [0.0, 0.0, 0.0, 1.0]]",R1,"[6, 7, 8, 9, 10]",0,6,0,invalid_conformer,invalid,ligand_self_invalid,invalid,,,ligand_internal_severe_clash,,False,True,True,True,True,True,1,MMFF,-500.6500468607243,-449.2097682951784,51.440278565545896,True,record_only,0.0,0.0,2.860246419906616,0.4,0.4,5,2,2.2568497842832613,1.2371455430984497,1.0,1.0,0,0,2,2.2568497842832613,1.2371455430984497,R1,R1,1.0,1.0,single_rgroup_clash,local_rgroup_repair,"[{""region"": ""R1"", ""score"": 1.0092939065326216}]",A:140::LYS,target_severe,target_severe,target_severe,samples/case_000803.pkl,ligands/case_000803_original.sdf,ligands/case_000803_failed.sdf
case_000805,complex_crossdocked_000021,complex_crossdocked_000021,test,test,IPPK_MOUSE_1_468_0,IPPK_MOUSE_1_468_0,crossdocked_subset,directed_clash,complex_crossdocked_000021:R1:directed_clash:60.0,20260510,60.0,"[0, 6]","[[0.68334764, 0.43724814, -0.58467948, 0.0], [-0.70629776, 0.59870279, -0.37775439, 0.0], [0.18487684, 0.67109537, 0.71794957, 0.0], [0.0, 0.0, 0.0, 1.0]]",R1,"[6, 7, 8, 9, 10]",0,6,0,invalid_conformer,invalid,ligand_self_invalid,invalid,,,ligand_internal_severe_clash,,False,True,True,True,True,True,3,MMFF,-500.6500468607243,-318.4523426218823,182.197704238842,True,record_only,0.0,0.0,1.6513639688491821,0.4,0.4,1,1,0.6641613607391719,0.8149609565734863,1.0,1.0,0,0,1,0.6641613607391719,0.8149609565734863,R1,R1,1.0,1.0,single_rgroup_clash,local_rgroup_repair,"[{""region"": ""R1"", ""score"": 0.29702199012830965}]",A:140::LYS,target_severe,target_severe,target_severe,samples/case_000805.pkl,ligands/case_000805_original.sdf,ligands/case_000805_failed.sdf
case_000807,complex_crossdocked_000021,complex_crossdocked_000021,test,test,IPPK_MOUSE_1_468_0,IPPK_MOUSE_1_468_0,crossdocked_subset,directed_clash,complex_crossdocked_000021:R1:directed_clash:90.0,20260510,90.0,"[0, 6]","[[0.36669528, 0.39117688, -0.84410614, 0.0], [-0.92927617, 0.19740564, -0.31221271, 0.0], [0.04450091, 0.89889467, 0.43589908, 0.0], [0.0, 0.0, 0.0, 1.0]]",R1,"[6, 7, 8, 9, 10]",0,6,0,invalid_conformer,invalid,ligand_self_invalid,invalid,,,ligand_internal_severe_clash,,False,True,True,True,True,True,4,MMFF,-500.6500468607243,-392.6608949846628,107.9891518760615,True,record_only,0.0,0.0,2.335381269454956,0.4,0.4,3,3,1.2923177448733014,0.7620550394058228,1.0,1.0,0,0,3,1.2923177448733014,0.7620550394058228,R1,R1,1.0,1.0,single_rgroup_clash,local_rgroup_repair,"[{""region"": ""R1"", ""score"": 0.5779420652131865}]",A:140::LYS,target_severe,target_severe,target_severe,samples/case_000807.pkl,ligands/case_000807_original.sdf,ligands/case_000807_failed.sdf
case_000808,complex_crossdocked_000021,complex_crossdocked_000021,test,test,IPPK_MOUSE_1_468_0,IPPK_MOUSE_1_468_0,crossdocked_subset,directed_clash,complex_crossdocked_000021:R1:directed_clash:210.0,20260510,210.0,"[0, 6]","[[-0.1817627, -0.83216673, -0.52389008, 0.0], [-0.17194021, -0.49766147, 0.85015857, 0.0], [-0.96819365, 0.24460489, -0.05262663, 0.0], [0.0, 0.0, 0.0, 1.0]]",R1,"[6, 7, 8, 9, 10]",0,6,0,invalid_conformer,invalid,ligand_self_invalid,invalid,,,ligand_internal_severe_clash,,False,True,True,True,True,True,1,MMFF,-500.6500468607243,-429.99735929834594,70.65268756237833,True,record_only,0.0,0.0,3.190190076828003,0.4,0.4,1,0,0.06046899638954528,0.24590444564819336,1.0,1.0,0,0,0,0.06046899638954528,0.24590444564819336,,R1,0.0,1.0,no_clash,no_repair_needed,"[{""region"": ""R1"", ""score"": 0.02704255729164252}]",A:140::LYS,no_target_severe,no_target_severe,no_target_severe,samples/case_000808.pkl,ligands/case_000808_original.sdf,ligands/case_000808_failed.sdf
case_000810,complex_crossdocked_000021,complex_crossdocked_000021,test,test,IPPK_MOUSE_1_468_0,IPPK_MOUSE_1_468_0,crossdocked_subset,directed_clash,complex_crossdocked_000021:R1:directed_clash:270.0,20260510,270.0,"[0, 6]","[[0.36669528, -0.92927617, 0.04450091, 0.0], [0.39117688, 0.19740564, 0.89889467, 0.0], [-0.84410614, -0.31221271, 0.43589908, 0.0], [0.0, 0.0, 0.0, 1.0]]",R1,"[6, 7, 8, 9, 10]",0,6,0,invalid_conformer,invalid,ligand_self_invalid,invalid,,,ligand_internal_severe_clash,,False,True,True,True,True,True,4,MMFF,-500.6500468607243,292.27489762913456,792.9249444898588,True,record_only,0.0,0.0,2.335381269454956,0.4,0.4,0,0,0.0,0.0,0.0,0.0,0,0,0,0.0,0.0,,,0.0,0.0,no_clash,no_repair_needed,[],,no_target_severe,no_target_severe,no_target_severe,samples/case_000810.pkl,ligands/case_000810_original.sdf,ligands/case_000810_failed.sdf
case_000811,complex_crossdocked_000021,complex_crossdocked_000021,test,test,IPPK_MOUSE_1_468_0,IPPK_MOUSE_1_468_0,crossdocked_subset,easy_rotation,complex_crossdocked_000021:R2:easy_rotation:60.0,20260510,60.0,"[1, 11]","[[0.7815187, 0.17220408, 0.59964514, 0.0], [0.3196747, 0.71485674, -0.62192279, 0.0], [-0.53575802, 0.67773563, 0.50362462, 0.0], [0.0, 0.0, 0.0, 1.0]]",R2,"[11, 12, 13, 14, 15]",1,11,3,invalid_conformer,invalid,ligand_self_invalid,invalid,,,ligand_internal_severe_clash,,False,True,True,True,True,True,1,MMFF,-500.6500468607243,-481.6539980491676,18.996048811556648,True,record_only,0.0,0.0,1.6695971488952637,0.4,0.4,3,1,0.49477054679141474,0.6225175857543945,1.0,1.0,0,0,1,0.49477054679141474,0.6225175857543945,R2,R2,1.0,1.0,single_rgroup_clash,local_rgroup_repair,"[{""region"": ""R2"", ""score"": 0.22126811517806874}]",A:140::LYS,target_severe,target_severe,target_severe,samples/case_000811.pkl,ligands/case_000811_original.sdf,ligands/case_000811_failed.sdf
case_000812,complex_crossdocked_000021,complex_crossdocked_000021,test,test,IPPK_MOUSE_1_468_0,IPPK_MOUSE_1_468_0,crossdocked_subset,easy_rotation,complex_crossdocked_000021:R2:easy_rotation:120.0,20260510,120.0,"[1, 11]","[[0.344556, 0.66408283, 0.66353232, 0.0], [0.81155348, 0.1445702, -0.5661099, 0.0], [-0.47187087, 0.73354852, -0.48912621, 0.0], [0.0, 0.0, 0.0, 1.0]]",R2,"[11, 12, 13, 14, 15]",1,11,3,invalid_conformer,invalid,ligand_self_invalid,invalid,,,ligand_internal_severe_clash,,False,True,True,True,True,True,6,MMFF,-500.6500468607243,820.3372387303039,1320.987285591028,True,record_only,0.0,0.0,2.891826868057251,0.4,0.4,0,0,0.0,0.0,0.0,0.0,0,0,0,0.0,0.0,,,0.0,0.0,no_clash,no_repair_needed,[],,no_target_severe,no_target_severe,no_target_severe,samples/case_000812.pkl,ligands/case_000812_original.sdf,ligands/case_000812_failed.sdf
case_000813,complex_crossdocked_000021,complex_crossdocked_000021,test,test,IPPK_MOUSE_1_468_0,IPPK_MOUSE_1_468_0,crossdocked_subset,easy_rotation,complex_crossdocked_000021:R2:easy_rotation:180.0,20260510,180.0,"[1, 11]","[[0.12607467, 0.98375756, 0.1277743, 0.0], [0.98375756, -0.14057307, 0.11162575, 0.0], [0.1277743, 0.11162575, -0.98550159, 0.0], [0.0, 0.0, 0.0, 1.0]]",R2,"[11, 12, 13, 14, 15]",1,11,3,invalid_conformer,invalid,ligand_self_invalid,invalid,,,ligand_internal_severe_clash,,False,True,True,True,True,True,1,MMFF,-500.6500468607243,-441.40063870510664,59.24940815561763,True,record_only,0.0,0.0,3.3391942977905273,0.4,0.4,0,0,0.0,0.0,0.0,0.0,0,0,0,0.0,0.0,,,0.0,0.0,no_clash,no_repair_needed,[],,no_target_severe,no_target_severe,no_target_severe,samples/case_000813.pkl,ligands/case_000813_original.sdf,ligands/case_000813_failed.sdf
case_000814,complex_crossdocked_000021,complex_crossdocked_000021,test,test,IPPK_MOUSE_1_468_0,IPPK_MOUSE_1_468_0,crossdocked_subset,easy_rotation,complex_crossdocked_000021:R2:easy_rotation:240.0,20260510,240.0,"[1, 11]","[[0.344556, 0.81155348, -0.47187087, 0.0], [0.66408283, 0.1445702, 0.73354852, 0.0], [0.66353232, -0.5661099, -0.48912621, 0.0], [0.0, 0.0, 0.0, 1.0]]",R2,"[11, 12, 13, 14, 15]",1,11,3,invalid_conformer,invalid,ligand_self_invalid,invalid,,,ligand_internal_severe_clash,,False,True,True,True,True,True,7,MMFF,-500.6500468607243,-231.86153454185893,268.78851231886534,True,record_only,0.0,0.0,2.89182710647583,0.4,0.4,0,0,0.0,0.0,0.0,0.0,0,0,0,0.0,0.0,,,0.0,0.0,no_clash,no_repair_needed,[],,no_target_severe,no_target_severe,no_target_severe,samples/case_000814.pkl,ligands/case_000814_original.sdf,ligands/case_000814_failed.sdf
