case_id,base_sample_id,base_complex_id,base_split,derived_split,split_group,target_id,source_dataset,injection_mode,attempt_id,seed,rotation_angle_deg,rotation_axis_atom_pair,transform_matrix,target_rgroup,target_atom_indices,anchor_scaffold_atom_idx,anchor_rgroup_atom_idx,anchor_bond_idx,oracle_split,difficulty_bin,difficulty_reason,acceptance_status,reject_reason,unsupported_reason,invalid_reason,duplicate_of,ligand_valid,rdkit_sanitize_ok,rotatable_bond_valid,anchor_integrity_pass,bond_length_valid,chirality_preserved,ligand_internal_severe_clash_count,forcefield_type,energy_original,energy_failed,energy_delta,energy_delta_pass,energy_check_status,scaffold_rmsd,non_target_rgroup_rmsd,target_rgroup_rmsd,delta_angstrom,severe_depth_threshold_angstrom,target_num_clash_pairs,target_num_severe_pairs,target_total_score,target_max_depth,target_score_ratio_valid,target_score_ratio_all,non_target_num_severe_pairs,scaffold_num_severe_pairs,num_total_severe_pairs,total_clash_score,max_clash_depth,predicted_dominant_region_all,predicted_dominant_valid_rgroup,dominant_ratio_all_regions,dominant_ratio_valid_rgroups,failure_type,recommended_action,top_valid_rgroups_json,top_clash_residue,delta03_status,delta04_status,delta05_status,sample_path,original_ligand_sdf,failed_ligand_sdf
case_000001,complex_crossdocked_000001,complex_crossdocked_000001,test,test,CDGT2_BACCI_28_713_0,CDGT2_BACCI_28_713_0,crossdocked_subset,easy_rotation,complex_crossdocked_000001:R4:easy_rotation:60.0,20260510,60.0,"[5, 10]","[[0.62177432, 0.78319603, -0.00082631, 0.0], [-0.66601574, 0.5281899, -0.52672428, 0.0], [-0.41209191, 0.32805392, 0.85003579, 0.0], [0.0, 0.0, 0.0, 1.0]]",R4,"[10, 11]",5,10,9,near_miss_contact,hard,near_miss_contact,near_miss,target_severe_pairs_below_threshold,,,,True,True,True,True,True,True,0,MMFF,606.4413997306852,607.2333517853685,0.7919520546832928,True,record_only,0.0,0.0,0.9458410143852234,0.4,0.4,0,0,0.0,0.0,0.0,0.0,0,0,0,0.0,0.0,,,0.0,0.0,no_clash,no_repair_needed,[],,no_target_severe,no_target_severe,no_target_severe,samples/case_000001.pkl,ligands/case_000001_original.sdf,ligands/case_000001_failed.sdf
case_000002,complex_crossdocked_000001,complex_crossdocked_000001,test,test,CDGT2_BACCI_28_713_0,CDGT2_BACCI_28_713_0,crossdocked_subset,easy_rotation,complex_crossdocked_000001:R4:easy_rotation:120.0,20260510,120.0,"[5, 10]","[[-0.13467713, 0.90037632, -0.41374451, 0.0], [-0.54883546, -0.41543031, -0.72539455, 0.0], [-0.82501012, 0.12938361, 0.55010742, 0.0], [0.0, 0.0, 0.0, 1.0]]",R4,"[10, 11]",5,10,9,near_miss_contact,hard,near_miss_contact,near_miss,target_severe_pairs_below_threshold,,,,True,True,True,True,True,True,0,MMFF,606.4413997306852,607.0990453472622,0.6576456165769287,True,record_only,0.0,0.0,1.6382416486740112,0.4,0.4,0,0,0.0,0.0,0.0,0.0,0,0,0,0.0,0.0,,,0.0,0.0,no_clash,no_repair_needed,[],,no_target_severe,no_target_severe,no_target_severe,samples/case_000002.pkl,ligands/case_000002_original.sdf,ligands/case_000002_failed.sdf
case_000003,complex_crossdocked_000001,complex_crossdocked_000001,test,test,CDGT2_BACCI_28_713_0,CDGT2_BACCI_28_713_0,crossdocked_subset,easy_rotation,complex_crossdocked_000001:R4:easy_rotation:180.0,20260510,180.0,"[5, 10]","[[-0.51290286, 0.23436058, -0.82583642, 0.0], [0.23436058, -0.88724041, -0.39734066, 0.0], [-0.82583642, -0.39734066, 0.40014324, 0.0], [0.0, 0.0, 0.0, 1.0]]",R4,"[10, 11]",5,10,9,near_miss_contact,hard,near_miss_contact,near_miss,target_severe_pairs_below_threshold,,,,True,True,True,True,True,True,0,MMFF,606.4413997306852,611.6262935207045,5.1848937900192595,True,record_only,0.0,0.0,1.8916786909103394,0.4,0.4,0,0,0.0,0.0,0.0,0.0,0,0,0,0.0,0.0,,,0.0,0.0,no_clash,no_repair_needed,[],,no_target_severe,no_target_severe,no_target_severe,samples/case_000003.pkl,ligands/case_000003_original.sdf,ligands/case_000003_failed.sdf
case_000004,complex_crossdocked_000001,complex_crossdocked_000001,test,test,CDGT2_BACCI_28_713_0,CDGT2_BACCI_28_713_0,crossdocked_subset,easy_rotation,complex_crossdocked_000001:R4:easy_rotation:240.0,20260510,240.0,"[5, 10]","[[-0.13467713, -0.54883546, -0.82501012, 0.0], [0.90037632, -0.41543031, 0.12938361, 0.0], [-0.41374451, -0.72539455, 0.55010742, 0.0], [0.0, 0.0, 0.0, 1.0]]",R4,"[10, 11]",5,10,9,near_miss_contact,hard,near_miss_contact,near_miss,target_severe_pairs_below_threshold,,,,True,True,True,True,True,True,0,MMFF,606.4413997306852,609.2562612510333,2.8148615203480176,True,record_only,0.0,0.0,1.6382421255111694,0.4,0.4,0,0,0.0,0.0,0.0,0.0,0,0,0,0.0,0.0,,,0.0,0.0,no_clash,no_repair_needed,[],,no_target_severe,no_target_severe,no_target_severe,samples/case_000004.pkl,ligands/case_000004_original.sdf,ligands/case_000004_failed.sdf
case_000005,complex_crossdocked_000001,complex_crossdocked_000001,test,test,CDGT2_BACCI_28_713_0,CDGT2_BACCI_28_713_0,crossdocked_subset,easy_rotation,complex_crossdocked_000001:R4:easy_rotation:300.0,20260510,300.0,"[5, 10]","[[0.62177432, -0.66601574, -0.41209191, 0.0], [0.78319603, 0.5281899, 0.32805392, 0.0], [-0.00082631, -0.52672428, 0.85003579, 0.0], [0.0, 0.0, 0.0, 1.0]]",R4,"[10, 11]",5,10,9,near_miss_contact,hard,near_miss_contact,near_miss,target_severe_pairs_below_threshold,,,,True,True,True,True,True,True,0,MMFF,606.4413997306852,609.5349444453074,3.0935447146221122,True,record_only,0.0,0.0,0.9458380937576294,0.4,0.4,0,0,0.0,0.0,0.0,0.0,0,0,0,0.0,0.0,,,0.0,0.0,no_clash,no_repair_needed,[],,no_target_severe,no_target_severe,no_target_severe,samples/case_000005.pkl,ligands/case_000005_original.sdf,ligands/case_000005_failed.sdf
case_000006,complex_crossdocked_000001,complex_crossdocked_000001,test,test,CDGT2_BACCI_28_713_0,CDGT2_BACCI_28_713_0,crossdocked_subset,torsion_perturb,complex_crossdocked_000001:R4:torsion_perturb:60.0,20260510,60.0,"[10, 11]","[[0.98237669, -0.10827661, 0.15235561, 0.0], [0.18633197, 0.50315762, -0.84386778, 0.0], [0.01471225, 0.85738474, 0.51446569, 0.0], [0.0, 0.0, 0.0, 1.0]]",R4,"[10, 11]",5,10,9,near_miss_contact,hard,near_miss_contact,near_miss,target_severe_pairs_below_threshold,,,,True,True,True,True,True,True,0,MMFF,606.4413997306852,606.4413997306852,0.0,True,record_only,0.0,0.0,0.0,0.4,0.4,0,0,0.0,0.0,0.0,0.0,0,0,0,0.0,0.0,,,0.0,0.0,no_clash,no_repair_needed,[],,no_target_severe,no_target_severe,no_target_severe,samples/case_000006.pkl,ligands/case_000006_original.sdf,ligands/case_000006_failed.sdf
case_000012,complex_crossdocked_000001,complex_crossdocked_000001,test,test,CDGT2_BACCI_28_713_0,CDGT2_BACCI_28_713_0,crossdocked_subset,directed_clash,complex_crossdocked_000001:R4:directed_clash:150.0,20260510,150.0,"[5, 10]","[[-0.41155756, 0.63701278, -0.65179372, 0.0], [-0.19969001, -0.76081926, -0.61747706, 0.0], [-0.88923806, -0.12397066, 0.44032601, 0.0], [0.0, 0.0, 0.0, 1.0]]",R4,"[10, 11]",5,10,9,near_miss_contact,hard,near_miss_contact,near_miss,target_severe_pairs_below_threshold,,,,True,True,True,True,True,True,0,MMFF,606.4413997306852,611.9295121177832,5.488112387097999,True,record_only,0.0,0.0,1.8272217512130737,0.4,0.4,0,0,0.0,0.0,0.0,0.0,0,0,0,0.0,0.0,,,0.0,0.0,no_clash,no_repair_needed,[],,no_target_severe,no_target_severe,no_target_severe,samples/case_000012.pkl,ligands/case_000012_original.sdf,ligands/case_000012_failed.sdf
case_000013,complex_crossdocked_000001,complex_crossdocked_000001,test,test,CDGT2_BACCI_28_713_0,CDGT2_BACCI_28_713_0,crossdocked_subset,directed_clash,complex_crossdocked_000001:R4:directed_clash:210.0,20260510,210.0,"[5, 10]","[[-0.41155756, -0.19969001, -0.88923806, 0.0], [0.63701278, -0.76081926, -0.12397066, 0.0], [-0.65179372, -0.61747706, 0.44032601, 0.0], [0.0, 0.0, 0.0, 1.0]]",R4,"[10, 11]",5,10,9,near_miss_contact,hard,near_miss_contact,near_miss,target_severe_pairs_below_threshold,,,,True,True,True,True,True,True,0,MMFF,606.4413997306852,608.7838585925497,2.3424588618644293,True,record_only,0.0,0.0,1.8272223472595215,0.4,0.4,0,0,0.0,0.0,0.0,0.0,0,0,0,0.0,0.0,,,0.0,0.0,no_clash,no_repair_needed,[],,no_target_severe,no_target_severe,no_target_severe,samples/case_000013.pkl,ligands/case_000013_original.sdf,ligands/case_000013_failed.sdf
case_000016,complex_crossdocked_000001,complex_crossdocked_000001,test,test,CDGT2_BACCI_28_713_0,CDGT2_BACCI_28_713_0,crossdocked_subset,directed_clash,complex_crossdocked_000001:R4:directed_clash:30.0,20260510,30.0,"[5, 10]","[[0.8986547, 0.43405059, 0.0634016, 0.0], [-0.40265223, 0.87357885, -0.27337, 0.0], [-0.1740427, 0.22013643, 0.95981723, 0.0], [0.0, 0.0, 0.0, 1.0]]",R4,"[10, 11]",5,10,9,near_miss_contact,hard,near_miss_contact,near_miss,target_severe_pairs_below_threshold,,,,True,True,True,True,True,True,0,MMFF,606.4413997306852,608.3482550623922,1.9068553317069927,True,record_only,0.0,0.0,0.48960256576538086,0.4,0.4,0,0,0.0,0.0,0.0,0.0,0,0,0,0.0,0.0,,,0.0,0.0,no_clash,no_repair_needed,[],,no_target_severe,no_target_severe,no_target_severe,samples/case_000016.pkl,ligands/case_000016_original.sdf,ligands/case_000016_failed.sdf
case_000018,complex_crossdocked_000001,complex_crossdocked_000001,test,test,CDGT2_BACCI_28_713_0,CDGT2_BACCI_28_713_0,crossdocked_subset,directed_clash,complex_crossdocked_000001:R4:directed_clash:90.0,20260510,90.0,"[5, 10]","[[0.24354859, 0.95388311, -0.17547391, 0.0], [-0.71952254, 0.0563798, -0.69217676, 0.0], [-0.65036249, 0.2948361, 0.70007163, 0.0], [0.0, 0.0, 0.0, 1.0]]",R4,"[10, 11]",5,10,9,near_miss_contact,hard,near_miss_contact,near_miss,target_severe_pairs_below_threshold,,,,True,True,True,True,True,True,0,MMFF,606.4413997306852,605.5092732904192,-0.9321264402660745,True,record_only,0.0,0.0,1.3376202583312988,0.4,0.4,0,0,0.0,0.0,0.0,0.0,0,0,0,0.0,0.0,,,0.0,0.0,no_clash,no_repair_needed,[],,no_target_severe,no_target_severe,no_target_severe,samples/case_000018.pkl,ligands/case_000018_original.sdf,ligands/case_000018_failed.sdf
case_000020,complex_crossdocked_000001,complex_crossdocked_000001,test,test,CDGT2_BACCI_28_713_0,CDGT2_BACCI_28_713_0,crossdocked_subset,easy_rotation,complex_crossdocked_000001:R8:easy_rotation:120.0,20260510,120.0,"[16, 21]","[[0.35038978, 0.32878, -0.87700099, 0.0], [0.93227357, -0.03249201, 0.36029196, 0.0], [0.08996127, -0.94384742, -0.31789777, 0.0], [0.0, 0.0, 0.0, 1.0]]",R8,"[21, 22]",16,21,21,near_miss_contact,hard,near_miss_contact,near_miss,target_severe_pairs_below_threshold,,,,True,True,True,True,True,True,0,MMFF,606.4413997306852,613.4388936679848,6.9974939372995095,True,record_only,0.0,0.0,1.6318833827972412,0.4,0.4,0,0,0.0,0.0,0.0,0.0,0,0,0,0.0,0.0,,,0.0,0.0,no_clash,no_repair_needed,[],,no_target_severe,no_target_severe,no_target_severe,samples/case_000020.pkl,ligands/case_000020_original.sdf,ligands/case_000020_failed.sdf
case_000021,complex_crossdocked_000001,complex_crossdocked_000001,test,test,CDGT2_BACCI_28_713_0,CDGT2_BACCI_28_713_0,crossdocked_subset,easy_rotation,complex_crossdocked_000001:R8:easy_rotation:180.0,20260510,180.0,"[16, 21]","[[0.13385303, 0.84070235, -0.52469313, 0.0], [0.84070235, -0.376656, -0.38903698, 0.0], [-0.52469313, -0.38903698, -0.75719702, 0.0], [0.0, 0.0, 0.0, 1.0]]",R8,"[21, 22]",16,21,21,near_miss_contact,hard,near_miss_contact,near_miss,target_severe_pairs_below_threshold,,,,True,True,True,True,True,True,0,MMFF,606.4413997306852,611.3853741105606,4.943974379875385,True,record_only,0.0,0.0,1.8843365907669067,0.4,0.4,0,0,0.0,0.0,0.0,0.0,0,0,0,0.0,0.0,,,0.0,0.0,no_clash,no_repair_needed,[],,no_target_severe,no_target_severe,no_target_severe,samples/case_000021.pkl,ligands/case_000021_original.sdf,ligands/case_000021_failed.sdf
case_000022,complex_crossdocked_000001,complex_crossdocked_000001,test,test,CDGT2_BACCI_28_713_0,CDGT2_BACCI_28_713_0,crossdocked_subset,easy_rotation,complex_crossdocked_000001:R8:easy_rotation:240.0,20260510,240.0,"[16, 21]","[[0.35038978, 0.93227357, 0.08996127, 0.0], [0.32878, -0.03249201, -0.94384742, 0.0], [-0.87700099, 0.36029196, -0.31789777, 0.0], [0.0, 0.0, 0.0, 1.0]]",R8,"[21, 22]",16,21,21,near_miss_contact,hard,near_miss_contact,near_miss,target_severe_pairs_below_threshold,,,,True,True,True,True,True,True,0,MMFF,606.4413997306852,610.1490824090429,3.707682678357628,True,record_only,0.0,0.0,1.6318846940994263,0.4,0.4,0,0,0.0,0.0,0.0,0.0,0,0,0,0.0,0.0,,,0.0,0.0,no_clash,no_repair_needed,[],,no_target_severe,no_target_severe,no_target_severe,samples/case_000022.pkl,ligands/case_000022_original.sdf,ligands/case_000022_failed.sdf
case_000023,complex_crossdocked_000001,complex_crossdocked_000001,test,test,CDGT2_BACCI_28_713_0,CDGT2_BACCI_28_713_0,crossdocked_subset,easy_rotation,complex_crossdocked_000001:R8:easy_rotation:300.0,20260510,300.0,"[16, 21]","[[0.78346324, 0.51192236, 0.35230783, 0.0], [-0.09157118, 0.65583599, -0.74932897, 0.0], [-0.61465442, 0.55481046, 0.56070071, 0.0], [0.0, 0.0, 0.0, 1.0]]",R8,"[21, 22]",16,21,21,near_miss_contact,hard,near_miss_contact,near_miss,target_severe_pairs_below_threshold,,,,True,True,True,True,True,True,0,MMFF,606.4413997306852,604.9794407601632,-1.461958970522005,True,record_only,0.0,0.0,0.9421679377555847,0.4,0.4,0,0,0.0,0.0,0.0,0.0,0,0,0,0.0,0.0,,,0.0,0.0,no_clash,no_repair_needed,[],,no_target_severe,no_target_severe,no_target_severe,samples/case_000023.pkl,ligands/case_000023_original.sdf,ligands/case_000023_failed.sdf
case_000024,complex_crossdocked_000001,complex_crossdocked_000001,test,test,CDGT2_BACCI_28_713_0,CDGT2_BACCI_28_713_0,crossdocked_subset,torsion_perturb,complex_crossdocked_000001:R8:torsion_perturb:60.0,20260510,60.0,"[21, 22]","[[0.78000855, -0.49526677, 0.38248849, 0.0], [0.06092772, 0.66843271, 0.74127293, 0.0], [-0.62279564, -0.5548951, 0.55155873, 0.0], [0.0, 0.0, 0.0, 1.0]]",R8,"[21, 22]",16,21,21,near_miss_contact,hard,near_miss_contact,near_miss,target_severe_pairs_below_threshold,,,,True,True,True,True,True,True,0,MMFF,606.4413997306852,606.4413997306852,0.0,True,record_only,0.0,0.0,0.0,0.4,0.4,0,0,0.0,0.0,0.0,0.0,0,0,0,0.0,0.0,,,0.0,0.0,no_clash,no_repair_needed,[],,no_target_severe,no_target_severe,no_target_severe,samples/case_000024.pkl,ligands/case_000024_original.sdf,ligands/case_000024_failed.sdf
case_000030,complex_crossdocked_000001,complex_crossdocked_000001,test,test,CDGT2_BACCI_28_713_0,CDGT2_BACCI_28_713_0,crossdocked_subset,directed_clash,complex_crossdocked_000001:R8:directed_clash:30.0,20260510,30.0,"[16, 21]","[[0.94197917, -0.1178972, -0.31428573, 0.0], [0.23052996, 0.90778154, 0.35041207, 0.0], [0.24399018, -0.40253314, 0.88229012, 0.0], [0.0, 0.0, 0.0, 1.0]]",R8,"[21, 22]",16,21,21,near_miss_contact,hard,near_miss_contact,near_miss,target_severe_pairs_below_threshold,,,,True,True,True,True,True,True,0,MMFF,606.4413997306852,656.0602290562124,49.618829325527145,True,record_only,0.0,0.0,0.48770347237586975,0.4,0.4,0,0,0.0,0.0,0.0,0.0,0,0,0,0.0,0.0,,,0.0,0.0,no_clash,no_repair_needed,[],,no_target_severe,no_target_severe,no_target_severe,samples/case_000030.pkl,ligands/case_000030_original.sdf,ligands/case_000030_failed.sdf
case_000031,complex_crossdocked_000001,complex_crossdocked_000001,test,test,CDGT2_BACCI_28_713_0,CDGT2_BACCI_28_713_0,crossdocked_subset,directed_clash,complex_crossdocked_000001:R8:directed_clash:270.0,20260510,270.0,"[16, 21]","[[0.56692654, 0.76877832, 0.29592934, 0.0], [0.07192402, 0.311672, -0.94746375, 0.0], [-0.8206225, 0.55842674, 0.12140149, 0.0], [0.0, 0.0, 0.0, 1.0]]",R8,"[21, 22]",16,21,21,near_miss_contact,hard,near_miss_contact,near_miss,target_severe_pairs_below_threshold,,,,True,True,True,True,True,True,0,MMFF,606.4413997306852,606.3612423172663,-0.08015741341898774,True,record_only,0.0,0.0,1.3324300050735474,0.4,0.4,0,0,0.0,0.0,0.0,0.0,0,0,0,0.0,0.0,,,0.0,0.0,no_clash,no_repair_needed,[],,no_target_severe,no_target_severe,no_target_severe,samples/case_000031.pkl,ligands/case_000031_original.sdf,ligands/case_000031_failed.sdf
case_000032,complex_crossdocked_000001,complex_crossdocked_000001,test,test,CDGT2_BACCI_28_713_0,CDGT2_BACCI_28_713_0,crossdocked_subset,directed_clash,complex_crossdocked_000001:R8:directed_clash:90.0,20260510,90.0,"[16, 21]","[[0.56692654, 0.07192402, -0.8206225, 0.0], [0.76877832, 0.311672, 0.55842674, 0.0], [0.29592934, -0.94746375, 0.12140149, 0.0], [0.0, 0.0, 0.0, 1.0]]",R8,"[21, 22]",16,21,21,near_miss_contact,hard,near_miss_contact,near_miss,target_severe_pairs_below_threshold,,,,True,True,True,True,True,True,0,MMFF,606.4413997306852,614.162764728156,7.7213649974708005,True,record_only,0.0,0.0,1.3324260711669922,0.4,0.4,0,0,0.0,0.0,0.0,0.0,0,0,0,0.0,0.0,,,0.0,0.0,no_clash,no_repair_needed,[],,no_target_severe,no_target_severe,no_target_severe,samples/case_000032.pkl,ligands/case_000032_original.sdf,ligands/case_000032_failed.sdf
case_000033,complex_crossdocked_000001,complex_crossdocked_000001,test,test,CDGT2_BACCI_28_713_0,CDGT2_BACCI_28_713_0,crossdocked_subset,directed_clash,complex_crossdocked_000001:R8:directed_clash:330.0,20260510,330.0,"[16, 21]","[[0.94197917, 0.23052996, 0.24399018, 0.0], [-0.1178972, 0.90778154, -0.40253314, 0.0], [-0.31428573, 0.35041207, 0.88229012, 0.0], [0.0, 0.0, 0.0, 1.0]]",R8,"[21, 22]",16,21,21,near_miss_contact,hard,near_miss_contact,near_miss,target_severe_pairs_below_threshold,,,,True,True,True,True,True,True,0,MMFF,606.4413997306852,605.8183361308476,-0.6230635998376783,True,record_only,0.0,0.0,0.4877030551433563,0.4,0.4,0,0,0.0,0.0,0.0,0.0,0,0,0,0.0,0.0,,,0.0,0.0,no_clash,no_repair_needed,[],,no_target_severe,no_target_severe,no_target_severe,samples/case_000033.pkl,ligands/case_000033_original.sdf,ligands/case_000033_failed.sdf
case_000037,complex_crossdocked_000002,complex_crossdocked_000002,test,test,CDGT2_BACCI_28_713_0,CDGT2_BACCI_28_713_0,crossdocked_subset,easy_rotation,complex_crossdocked_000002:R4:easy_rotation:60.0,20260510,60.0,"[5, 10]","[[0.5006687, 0.78138071, -0.37252522, 0.0], [-0.79640836, 0.58442825, 0.15549065, 0.0], [0.33921164, 0.21883288, 0.91490304, 0.0], [0.0, 0.0, 0.0, 1.0]]",R4,"[10, 11]",5,10,9,near_miss_contact,hard,near_miss_contact,near_miss,target_severe_pairs_below_threshold,,,,True,True,True,True,True,True,0,MMFF,602.5170627000748,601.0647758738348,-1.4522868262399697,True,record_only,0.0,0.0,0.9459401369094849,0.4,0.4,0,0,0.0,0.0,0.0,0.0,0,0,0,0.0,0.0,,,0.0,0.0,no_clash,no_repair_needed,[],,no_target_severe,no_target_severe,no_target_severe,samples/case_000037.pkl,ligands/case_000037_original.sdf,ligands/case_000037_failed.sdf
case_000038,complex_crossdocked_000002,complex_crossdocked_000002,test,test,CDGT2_BACCI_28_713_0,CDGT2_BACCI_28_713_0,crossdocked_subset,easy_rotation,complex_crossdocked_000002:R4:easy_rotation:120.0,20260510,120.0,"[5, 10]","[[-0.49799389, 0.76635307, -0.40583876, 0.0], [-0.81143606, -0.24671534, 0.52981418, 0.0], [0.30589807, 0.59315646, 0.74470919, 0.0], [0.0, 0.0, 0.0, 1.0]]",R4,"[10, 11]",5,10,9,near_miss_contact,hard,near_miss_contact,near_miss,target_severe_pairs_below_threshold,,,,True,True,True,True,True,True,0,MMFF,602.5170627000748,607.6697368186769,5.152674118602135,True,record_only,0.0,0.0,1.6384174823760986,0.4,0.4,0,0,0.0,0.0,0.0,0.0,0,0,0,0.0,0.0,,,0.0,0.0,no_clash,no_repair_needed,[],,no_target_severe,no_target_severe,no_target_severe,samples/case_000038.pkl,ligands/case_000038_original.sdf,ligands/case_000038_failed.sdf
case_000039,complex_crossdocked_000002,complex_crossdocked_000002,test,test,CDGT2_BACCI_28_713_0,CDGT2_BACCI_28_713_0,crossdocked_subset,easy_rotation,complex_crossdocked_000002:R4:easy_rotation:180.0,20260510,180.0,"[5, 10]","[[-0.99732518, -0.03005533, -0.06662712, 0.0], [-0.03005533, -0.66228712, 0.74864709, 0.0], [-0.06662712, 0.74864709, 0.6596123, 0.0], [0.0, 0.0, 0.0, 1.0]]",R4,"[10, 11]",5,10,9,near_miss_contact,hard,near_miss_contact,near_miss,target_severe_pairs_below_threshold,,,,True,True,True,True,True,True,0,MMFF,602.5170627000748,603.9750441961853,1.4579814961105058,True,record_only,0.0,0.0,1.8918824195861816,0.4,0.4,0,0,0.0,0.0,0.0,0.0,0,0,0,0.0,0.0,,,0.0,0.0,no_clash,no_repair_needed,[],,no_target_severe,no_target_severe,no_target_severe,samples/case_000039.pkl,ligands/case_000039_original.sdf,ligands/case_000039_failed.sdf
case_000040,complex_crossdocked_000002,complex_crossdocked_000002,test,test,CDGT2_BACCI_28_713_0,CDGT2_BACCI_28_713_0,crossdocked_subset,easy_rotation,complex_crossdocked_000002:R4:easy_rotation:240.0,20260510,240.0,"[5, 10]","[[-0.49799389, -0.81143606, 0.30589807, 0.0], [0.76635307, -0.24671534, 0.59315646, 0.0], [-0.40583876, 0.52981418, 0.74470919, 0.0], [0.0, 0.0, 0.0, 1.0]]",R4,"[10, 11]",5,10,9,near_miss_contact,hard,near_miss_contact,near_miss,target_severe_pairs_below_threshold,,,,True,True,True,True,True,True,0,MMFF,602.5170627000748,605.3630611187001,2.8459984186252996,True,record_only,0.0,0.0,1.638417363166809,0.4,0.4,0,0,0.0,0.0,0.0,0.0,0,0,0,0.0,0.0,,,0.0,0.0,no_clash,no_repair_needed,[],,no_target_severe,no_target_severe,no_target_severe,samples/case_000040.pkl,ligands/case_000040_original.sdf,ligands/case_000040_failed.sdf
case_000042,complex_crossdocked_000002,complex_crossdocked_000002,test,test,CDGT2_BACCI_28_713_0,CDGT2_BACCI_28_713_0,crossdocked_subset,torsion_perturb,complex_crossdocked_000002:R4:torsion_perturb:60.0,20260510,60.0,"[10, 11]","[[0.51010883, 0.56805789, 0.64583218, 0.0], [-0.66577905, 0.73616558, -0.12164908, 0.0], [-0.54454315, -0.36792728, 0.75372565, 0.0], [0.0, 0.0, 0.0, 1.0]]",R4,"[10, 11]",5,10,9,near_miss_contact,hard,near_miss_contact,near_miss,target_severe_pairs_below_threshold,,,,True,True,True,True,True,True,0,MMFF,602.5170627000748,602.5170627000748,0.0,True,record_only,0.0,0.0,0.0,0.4,0.4,0,0,0.0,0.0,0.0,0.0,0,0,0,0.0,0.0,,,0.0,0.0,no_clash,no_repair_needed,[],,no_target_severe,no_target_severe,no_target_severe,samples/case_000042.pkl,ligands/case_000042_original.sdf,ligands/case_000042_failed.sdf
case_000049,complex_crossdocked_000002,complex_crossdocked_000002,test,test,CDGT2_BACCI_28_713_0,CDGT2_BACCI_28_713_0,crossdocked_subset,directed_clash,complex_crossdocked_000002:R4:directed_clash:270.0,20260510,270.0,"[5, 10]","[[0.00133741, -0.92596465, 0.37760788, 0.0], [0.89590931, 0.16885644, 0.41089419, 0.0], [-0.44423503, 0.33775288, 0.82980615, 0.0], [0.0, 0.0, 0.0, 1.0]]",R4,"[10, 11]",5,10,9,near_miss_contact,hard,near_miss_contact,near_miss,target_severe_pairs_below_threshold,,,,True,True,True,True,True,True,0,MMFF,602.5170627000748,604.5694523842492,2.0523896841743863,True,record_only,0.0,0.0,1.3377618789672852,0.4,0.4,1,0,0.01613053773348838,0.12700605392456055,1.0,1.0,0,0,0,0.01613053773348838,0.12700605392456055,,R4,0.0,1.0,no_clash,no_repair_needed,"[{""region"": ""R4"", ""score"": 0.011406012615535116}]",A:446::GLY,no_target_severe,no_target_severe,no_target_severe,samples/case_000049.pkl,ligands/case_000049_original.sdf,ligands/case_000049_failed.sdf
case_000051,complex_crossdocked_000002,complex_crossdocked_000002,test,test,CDGT2_BACCI_28_713_0,CDGT2_BACCI_28_713_0,crossdocked_subset,directed_clash,complex_crossdocked_000002:R4:directed_clash:30.0,20260510,30.0,"[5, 10]","[[0.86620456, 0.45345515, -0.20992389, 0.0], [-0.4574818, 0.88864785, 0.03186452, 0.0], [0.20099756, 0.06843517, 0.97719836, 0.0], [0.0, 0.0, 0.0, 1.0]]",R4,"[10, 11]",5,10,9,near_miss_contact,hard,near_miss_contact,near_miss,target_severe_pairs_below_threshold,,,,True,True,True,True,True,True,0,MMFF,602.5170627000748,602.3962708742524,-0.1207918258223799,True,record_only,0.0,0.0,0.4896545708179474,0.4,0.4,0,0,0.0,0.0,0.0,0.0,0,0,0,0.0,0.0,,,0.0,0.0,no_clash,no_repair_needed,[],,no_target_severe,no_target_severe,no_target_severe,samples/case_000051.pkl,ligands/case_000051_original.sdf,ligands/case_000051_failed.sdf
case_000053,complex_crossdocked_000002,complex_crossdocked_000002,test,test,CDGT2_BACCI_28_713_0,CDGT2_BACCI_28_713_0,crossdocked_subset,directed_clash,complex_crossdocked_000002:R4:directed_clash:90.0,20260510,90.0,"[5, 10]","[[0.00133741, 0.89590931, -0.44423503, 0.0], [-0.92596465, 0.16885644, 0.33775288, 0.0], [0.37760788, 0.41089419, 0.82980615, 0.0], [0.0, 0.0, 0.0, 1.0]]",R4,"[10, 11]",5,10,9,near_miss_contact,hard,near_miss_contact,near_miss,target_severe_pairs_below_threshold,,,,True,True,True,True,True,True,0,MMFF,602.5170627000748,603.0399377501612,0.5228750500864408,True,record_only,0.0,0.0,1.3377643823623657,0.4,0.4,0,0,0.0,0.0,0.0,0.0,0,0,0,0.0,0.0,,,0.0,0.0,no_clash,no_repair_needed,[],,no_target_severe,no_target_severe,no_target_severe,samples/case_000053.pkl,ligands/case_000053_original.sdf,ligands/case_000053_failed.sdf
case_000055,complex_crossdocked_000002,complex_crossdocked_000002,test,test,CDGT2_BACCI_28_713_0,CDGT2_BACCI_28_713_0,crossdocked_subset,easy_rotation,complex_crossdocked_000002:R8:easy_rotation:60.0,20260510,60.0,"[16, 21]","[[0.50003678, 0.7591238, -0.41676641, 0.0], [-0.75495911, 0.61788869, 0.21965949, 0.0], [0.42426401, 0.20480378, 0.88207453, 0.0], [0.0, 0.0, 0.0, 1.0]]",R8,"[21, 22]",16,21,21,near_miss_contact,hard,near_miss_contact,near_miss,target_severe_pairs_below_threshold,,,,True,True,True,True,True,True,0,MMFF,602.5170627000748,602.9038060217582,0.3867433216834115,True,record_only,0.0,0.0,0.9424509406089783,0.4,0.4,0,0,0.0,0.0,0.0,0.0,0,0,0,0.0,0.0,,,0.0,0.0,no_clash,no_repair_needed,[],,no_target_severe,no_target_severe,no_target_severe,samples/case_000055.pkl,ligands/case_000055_original.sdf,ligands/case_000055_failed.sdf
case_000056,complex_crossdocked_000002,complex_crossdocked_000002,test,test,CDGT2_BACCI_28_713_0,CDGT2_BACCI_28_713_0,crossdocked_subset,easy_rotation,complex_crossdocked_000002:R8:easy_rotation:120.0,20260510,120.0,"[16, 21]","[[-0.49988964, 0.7632885, -0.40926883, 0.0], [-0.75079441, -0.14633392, 0.64412278, 0.0], [0.43176159, 0.62926704, 0.6462236, 0.0], [0.0, 0.0, 0.0, 1.0]]",R8,"[21, 22]",16,21,21,near_miss_contact,hard,near_miss_contact,near_miss,target_severe_pairs_below_threshold,,,,True,True,True,True,True,True,0,MMFF,602.5170627000748,608.2446625774821,5.727599877407329,True,record_only,0.0,0.0,1.6323778629302979,0.4,0.4,0,0,0.0,0.0,0.0,0.0,0,0,0,0.0,0.0,,,0.0,0.0,no_clash,no_repair_needed,[],,no_target_severe,no_target_severe,no_target_severe,samples/case_000056.pkl,ligands/case_000056_original.sdf,ligands/case_000056_failed.sdf
case_000058,complex_crossdocked_000002,complex_crossdocked_000002,test,test,CDGT2_BACCI_28_713_0,CDGT2_BACCI_28_713_0,crossdocked_subset,easy_rotation,complex_crossdocked_000002:R8:easy_rotation:240.0,20260510,240.0,"[16, 21]","[[-0.49988964, -0.75079441, 0.43176159, 0.0], [0.7632885, -0.14633392, 0.62926704, 0.0], [-0.40926883, 0.64412278, 0.6462236, 0.0], [0.0, 0.0, 0.0, 1.0]]",R8,"[21, 22]",16,21,21,near_miss_contact,hard,near_miss_contact,near_miss,target_severe_pairs_below_threshold,,,,True,True,True,True,True,True,0,MMFF,602.5170627000748,607.7975032757611,5.280440575686271,True,record_only,0.0,0.0,1.6323765516281128,0.4,0.4,0,0,0.0,0.0,0.0,0.0,0,0,0,0.0,0.0,,,0.0,0.0,no_clash,no_repair_needed,[],,no_target_severe,no_target_severe,no_target_severe,samples/case_000058.pkl,ligands/case_000058_original.sdf,ligands/case_000058_failed.sdf
case_000060,complex_crossdocked_000002,complex_crossdocked_000002,test,test,CDGT2_BACCI_28_713_0,CDGT2_BACCI_28_713_0,crossdocked_subset,torsion_perturb,complex_crossdocked_000002:R8:torsion_perturb:60.0,20260510,60.0,"[21, 22]","[[0.50655758, 0.61909693, 0.60009867, 0.0], [-0.69271779, 0.70663279, -0.14426425, 0.0], [-0.51336294, -0.34262088, 0.78680962, 0.0], [0.0, 0.0, 0.0, 1.0]]",R8,"[21, 22]",16,21,21,near_miss_contact,hard,near_miss_contact,near_miss,target_severe_pairs_below_threshold,,,,True,True,True,True,True,True,0,MMFF,602.5170627000748,602.5170627000748,0.0,True,record_only,0.0,0.0,0.0,0.4,0.4,0,0,0.0,0.0,0.0,0.0,0,0,0,0.0,0.0,,,0.0,0.0,no_clash,no_repair_needed,[],,no_target_severe,no_target_severe,no_target_severe,samples/case_000060.pkl,ligands/case_000060_original.sdf,ligands/case_000060_failed.sdf
case_000066,complex_crossdocked_000002,complex_crossdocked_000002,test,test,CDGT2_BACCI_28_713_0,CDGT2_BACCI_28_713_0,crossdocked_subset,directed_clash,complex_crossdocked_000002:R8:directed_clash:330.0,20260510,330.0,"[16, 21]","[[0.86603528, -0.43652013, 0.24378906, 0.0], [0.43763605, 0.89761358, 0.05257882, 0.0], [-0.24178009, 0.06115577, 0.96840197, 0.0], [0.0, 0.0, 0.0, 1.0]]",R8,"[21, 22]",16,21,21,near_miss_contact,hard,near_miss_contact,near_miss,target_severe_pairs_below_threshold,,,,True,True,True,True,True,True,0,MMFF,602.5170627000748,605.5085613133726,2.9914986132978356,True,record_only,0.0,0.0,0.48784834146499634,0.4,0.4,1,0,0.09267748456755953,0.3044297695159912,1.0,1.0,0,0,0,0.09267748456755953,0.3044297695159912,,R8,0.0,1.0,no_clash,no_repair_needed,"[{""region"": ""R8"", ""score"": 0.06553287780103295}]",A:445::SER,target_severe,no_target_severe,no_target_severe,samples/case_000066.pkl,ligands/case_000066_original.sdf,ligands/case_000066_failed.sdf
case_000067,complex_crossdocked_000002,complex_crossdocked_000002,test,test,CDGT2_BACCI_28_713_0,CDGT2_BACCI_28_713_0,crossdocked_subset,directed_clash,complex_crossdocked_000002:R8:directed_clash:270.0,20260510,270.0,"[16, 21]","[[7.356e-05, -0.86999148, 0.49306673, 0.0], [0.87832087, 0.23577738, 0.41588631, 0.0], [-0.47807154, 0.43304023, 0.76414907, 0.0], [0.0, 0.0, 0.0, 1.0]]",R8,"[21, 22]",16,21,21,near_miss_contact,hard,near_miss_contact,near_miss,target_severe_pairs_below_threshold,,,,True,True,True,True,True,True,0,MMFF,602.5170627000748,609.3946527419632,6.877590041888425,True,record_only,0.0,0.0,1.332829236984253,0.4,0.4,1,0,0.03768384322847851,0.1941232681274414,1.0,1.0,0,0,0,0.03768384322847851,0.1941232681274414,,R8,0.0,1.0,no_clash,no_repair_needed,"[{""region"": ""R8"", ""score"": 0.02664650108802791}]",A:445::SER,no_target_severe,no_target_severe,no_target_severe,samples/case_000067.pkl,ligands/case_000067_original.sdf,ligands/case_000067_failed.sdf
case_000069,complex_crossdocked_000002,complex_crossdocked_000002,test,test,CDGT2_BACCI_28_713_0,CDGT2_BACCI_28_713_0,crossdocked_subset,directed_clash,complex_crossdocked_000002:R8:directed_clash:210.0,20260510,210.0,"[16, 21]","[[-0.86588812, -0.42930666, 0.25677526, 0.0], [0.44484955, -0.4260588, 0.78777075, 0.0], [-0.22879386, 0.79634774, 0.55989611, 0.0], [0.0, 0.0, 0.0, 1.0]]",R8,"[21, 22]",16,21,21,near_miss_contact,hard,near_miss_contact,near_miss,target_severe_pairs_below_threshold,,,,True,True,True,True,True,True,0,MMFF,602.5170627000748,613.2003478625335,10.683285162458674,True,record_only,0.0,0.0,1.8206788301467896,0.4,0.4,0,0,0.0,0.0,0.0,0.0,0,0,0,0.0,0.0,,,0.0,0.0,no_clash,no_repair_needed,[],,no_target_severe,no_target_severe,no_target_severe,samples/case_000069.pkl,ligands/case_000069_original.sdf,ligands/case_000069_failed.sdf
case_000071,complex_crossdocked_000002,complex_crossdocked_000002,test,test,CDGT2_BACCI_28_713_0,CDGT2_BACCI_28_713_0,crossdocked_subset,directed_clash,complex_crossdocked_000002:R8:directed_clash:150.0,20260510,150.0,"[16, 21]","[[-0.86588812, 0.44484955, -0.22879386, 0.0], [-0.42930666, -0.4260588, 0.79634774, 0.0], [0.25677526, 0.78777075, 0.55989611, 0.0], [0.0, 0.0, 0.0, 1.0]]",R8,"[21, 22]",16,21,21,near_miss_contact,hard,near_miss_contact,near_miss,target_severe_pairs_below_threshold,,,,True,True,True,True,True,True,0,MMFF,602.5170627000748,688.7682568544533,86.25119415437848,True,record_only,0.0,0.0,1.8206816911697388,0.4,0.4,0,0,0.0,0.0,0.0,0.0,0,0,0,0.0,0.0,,,0.0,0.0,no_clash,no_repair_needed,[],,no_target_severe,no_target_severe,no_target_severe,samples/case_000071.pkl,ligands/case_000071_original.sdf,ligands/case_000071_failed.sdf
case_000072,complex_crossdocked_000002,complex_crossdocked_000002,test,test,CDGT2_BACCI_28_713_0,CDGT2_BACCI_28_713_0,crossdocked_subset,directed_clash,complex_crossdocked_000002:R8:directed_clash:30.0,20260510,30.0,"[16, 21]","[[0.86603528, 0.43763605, -0.24178009, 0.0], [-0.43652013, 0.89761358, 0.06115577, 0.0], [0.24378906, 0.05257882, 0.96840197, 0.0], [0.0, 0.0, 0.0, 1.0]]",R8,"[21, 22]",16,21,21,near_miss_contact,hard,near_miss_contact,near_miss,target_severe_pairs_below_threshold,,,,True,True,True,True,True,True,0,MMFF,602.5170627000748,602.1697474843903,-0.347315215684489,True,record_only,0.0,0.0,0.48785117268562317,0.4,0.4,0,0,0.0,0.0,0.0,0.0,0,0,0,0.0,0.0,,,0.0,0.0,no_clash,no_repair_needed,[],,no_target_severe,no_target_severe,no_target_severe,samples/case_000072.pkl,ligands/case_000072_original.sdf,ligands/case_000072_failed.sdf
case_000073,complex_crossdocked_000003,complex_crossdocked_000003,test,test,CDGT2_BACCI_28_713_0,CDGT2_BACCI_28_713_0,crossdocked_subset,easy_rotation,complex_crossdocked_000003:R4:easy_rotation:60.0,20260510,60.0,"[5, 10]","[[0.51200283, 0.72773737, -0.4563458, 0.0], [-0.79717833, 0.60043591, 0.06311461, 0.0], [0.31993726, 0.33147413, 0.88756132, 0.0], [0.0, 0.0, 0.0, 1.0]]",R4,"[10, 11]",5,10,9,near_miss_contact,hard,near_miss_contact,near_miss,target_severe_pairs_below_threshold,,,,True,True,True,True,True,True,0,MMFF,604.2674288242501,603.5937376187832,-0.6736912054669801,True,record_only,0.0,0.0,0.9450975060462952,0.4,0.4,0,0,0.0,0.0,0.0,0.0,0,0,0,0.0,0.0,,,0.0,0.0,no_clash,no_repair_needed,[],,no_target_severe,no_target_severe,no_target_severe,samples/case_000073.pkl,ligands/case_000073_original.sdf,ligands/case_000073_failed.sdf
case_000074,complex_crossdocked_000003,complex_crossdocked_000003,test,test,CDGT2_BACCI_28_713_0,CDGT2_BACCI_28_713_0,crossdocked_subset,easy_rotation,complex_crossdocked_000003:R4:easy_rotation:120.0,20260510,120.0,"[5, 10]","[[-0.46399158, 0.65829635, -0.5927543, 0.0], [-0.86661929, -0.19869232, 0.45770332, 0.0], [0.18352871, 0.72606283, 0.6626839, 0.0], [0.0, 0.0, 0.0, 1.0]]",R4,"[10, 11]",5,10,9,near_miss_contact,hard,near_miss_contact,near_miss,target_severe_pairs_below_threshold,,,,True,True,True,True,True,True,0,MMFF,604.2674288242501,608.6812928988954,4.413864074645289,True,record_only,0.0,0.0,1.636958360671997,0.4,0.4,0,0,0.0,0.0,0.0,0.0,0,0,0,0.0,0.0,,,0.0,0.0,no_clash,no_repair_needed,[],,no_target_severe,no_target_severe,no_target_severe,samples/case_000074.pkl,ligands/case_000074_original.sdf,ligands/case_000074_failed.sdf
case_000075,complex_crossdocked_000003,complex_crossdocked_000003,test,test,CDGT2_BACCI_28_713_0,CDGT2_BACCI_28_713_0,crossdocked_subset,easy_rotation,complex_crossdocked_000003:R4:easy_rotation:180.0,20260510,180.0,"[5, 10]","[[-0.95198876, -0.13888195, -0.27281708, 0.0], [-0.13888195, -0.59825641, 0.78917748, 0.0], [-0.27281708, 0.78917748, 0.55024523, 0.0], [0.0, 0.0, 0.0, 1.0]]",R4,"[10, 11]",5,10,9,near_miss_contact,hard,near_miss_contact,near_miss,target_severe_pairs_below_threshold,,,,True,True,True,True,True,True,0,MMFF,604.2674288242501,606.7551310936475,2.487702269397346,True,record_only,0.0,0.0,1.8901985883712769,0.4,0.4,0,0,0.0,0.0,0.0,0.0,0,0,0,0.0,0.0,,,0.0,0.0,no_clash,no_repair_needed,[],,no_target_severe,no_target_severe,no_target_severe,samples/case_000075.pkl,ligands/case_000075_original.sdf,ligands/case_000075_failed.sdf
case_000076,complex_crossdocked_000003,complex_crossdocked_000003,test,test,CDGT2_BACCI_28_713_0,CDGT2_BACCI_28_713_0,crossdocked_subset,easy_rotation,complex_crossdocked_000003:R4:easy_rotation:240.0,20260510,240.0,"[5, 10]","[[-0.46399158, -0.86661929, 0.18352871, 0.0], [0.65829635, -0.19869232, 0.72606283, 0.0], [-0.5927543, 0.45770332, 0.6626839, 0.0], [0.0, 0.0, 0.0, 1.0]]",R4,"[10, 11]",5,10,9,near_miss_contact,hard,near_miss_contact,near_miss,target_severe_pairs_below_threshold,,,,True,True,True,True,True,True,0,MMFF,604.2674288242501,607.58675717489,3.3193283506398075,True,record_only,0.0,0.0,1.6369602680206299,0.4,0.4,0,0,0.0,0.0,0.0,0.0,0,0,0,0.0,0.0,,,0.0,0.0,no_clash,no_repair_needed,[],,no_target_severe,no_target_severe,no_target_severe,samples/case_000076.pkl,ligands/case_000076_original.sdf,ligands/case_000076_failed.sdf
case_000077,complex_crossdocked_000003,complex_crossdocked_000003,test,test,CDGT2_BACCI_28_713_0,CDGT2_BACCI_28_713_0,crossdocked_subset,easy_rotation,complex_crossdocked_000003:R4:easy_rotation:300.0,20260510,300.0,"[5, 10]","[[0.51200283, -0.79717833, 0.31993726, 0.0], [0.72773737, 0.60043591, 0.33147413, 0.0], [-0.4563458, 0.06311461, 0.88756132, 0.0], [0.0, 0.0, 0.0, 1.0]]",R4,"[10, 11]",5,10,9,near_miss_contact,hard,near_miss_contact,near_miss,target_severe_pairs_below_threshold,,,,True,True,True,True,True,True,0,MMFF,604.2674288242501,605.191069289727,0.9236404654768648,True,record_only,0.0,0.0,0.9450990557670593,0.4,0.4,1,0,0.13972789531186436,0.37380194664001465,1.0,1.0,0,0,0,0.13972789531186436,0.37380194664001465,,R4,0.0,1.0,no_clash,no_repair_needed,"[{""region"": ""R4"", ""score"": 0.09880254229594328}]",A:446::GLY,target_severe,no_target_severe,no_target_severe,samples/case_000077.pkl,ligands/case_000077_original.sdf,ligands/case_000077_failed.sdf
case_000078,complex_crossdocked_000003,complex_crossdocked_000003,test,test,CDGT2_BACCI_28_713_0,CDGT2_BACCI_28_713_0,crossdocked_subset,torsion_perturb,complex_crossdocked_000003:R4:torsion_perturb:60.0,20260510,60.0,"[10, 11]","[[0.50561708, 0.62231714, 0.5975557, 0.0], [-0.69053465, 0.70711964, -0.15213065, 0.0], [-0.51721686, -0.33571303, 0.78726327, 0.0], [0.0, 0.0, 0.0, 1.0]]",R4,"[10, 11]",5,10,9,near_miss_contact,hard,near_miss_contact,near_miss,target_severe_pairs_below_threshold,,,,True,True,True,True,True,True,0,MMFF,604.2674288242501,604.2674288242501,0.0,True,record_only,0.0,0.0,0.0,0.4,0.4,0,0,0.0,0.0,0.0,0.0,0,0,0,0.0,0.0,,,0.0,0.0,no_clash,no_repair_needed,[],,no_target_severe,no_target_severe,no_target_severe,samples/case_000078.pkl,ligands/case_000078_original.sdf,ligands/case_000078_failed.sdf
case_000084,complex_crossdocked_000003,complex_crossdocked_000003,test,test,CDGT2_BACCI_28_713_0,CDGT2_BACCI_28_713_0,crossdocked_subset,directed_clash,complex_crossdocked_000003:R4:directed_clash:330.0,20260510,330.0,"[5, 10]","[[0.86924154, -0.44950858, 0.20581833, 0.0], [0.43090191, 0.89293712, 0.13033359, 0.0], [-0.24236889, -0.02460385, 0.96987212, 0.0], [0.0, 0.0, 0.0, 1.0]]",R4,"[10, 11]",5,10,9,near_miss_contact,hard,near_miss_contact,near_miss,target_severe_pairs_below_threshold,,,,True,True,True,True,True,True,0,MMFF,604.2674288242501,603.161555154358,-1.105873669892162,True,record_only,0.0,0.0,0.4892202317714691,0.4,0.4,1,0,0.12993934920046968,0.3604710102081299,1.0,1.0,0,0,0,0.12993934920046968,0.3604710102081299,,R4,0.0,1.0,no_clash,no_repair_needed,"[{""region"": ""R4"", ""score"": 0.0918809949626189}]",A:446::GLY,target_severe,no_target_severe,no_target_severe,samples/case_000084.pkl,ligands/case_000084_original.sdf,ligands/case_000084_failed.sdf
case_000085,complex_crossdocked_000003,complex_crossdocked_000003,test,test,CDGT2_BACCI_28_713_0,CDGT2_BACCI_28_713_0,crossdocked_subset,directed_clash,complex_crossdocked_000003:R4:directed_clash:270.0,20260510,270.0,"[5, 10]","[[0.02400561, -0.94985145, 0.31177869, 0.0], [0.81096947, 0.20087178, 0.54952615, 0.0], [-0.58459574, 0.23965129, 0.77512258, 0.0], [0.0, 0.0, 0.0, 1.0]]",R4,"[10, 11]",5,10,9,near_miss_contact,hard,near_miss_contact,near_miss,target_severe_pairs_below_threshold,,,,True,True,True,True,True,True,0,MMFF,604.2674288242501,607.2679106223725,3.000481798122337,True,record_only,0.0,0.0,1.3365732431411743,0.4,0.4,0,0,0.0,0.0,0.0,0.0,0,0,0,0.0,0.0,,,0.0,0.0,no_clash,no_repair_needed,[],,no_target_severe,no_target_severe,no_target_severe,samples/case_000085.pkl,ligands/case_000085_original.sdf,ligands/case_000085_failed.sdf
