case_id,base_sample_id,base_complex_id,base_split,derived_split,split_group,target_id,source_dataset,injection_mode,attempt_id,seed,rotation_angle_deg,rotation_axis_atom_pair,transform_matrix,target_rgroup,target_atom_indices,anchor_scaffold_atom_idx,anchor_rgroup_atom_idx,anchor_bond_idx,oracle_split,difficulty_bin,difficulty_reason,acceptance_status,reject_reason,unsupported_reason,invalid_reason,duplicate_of,ligand_valid,rdkit_sanitize_ok,rotatable_bond_valid,anchor_integrity_pass,bond_length_valid,chirality_preserved,ligand_internal_severe_clash_count,forcefield_type,energy_original,energy_failed,energy_delta,energy_delta_pass,energy_check_status,scaffold_rmsd,non_target_rgroup_rmsd,target_rgroup_rmsd,delta_angstrom,severe_depth_threshold_angstrom,target_num_clash_pairs,target_num_severe_pairs,target_total_score,target_max_depth,target_score_ratio_valid,target_score_ratio_all,non_target_num_severe_pairs,scaffold_num_severe_pairs,num_total_severe_pairs,total_clash_score,max_clash_depth,predicted_dominant_region_all,predicted_dominant_valid_rgroup,dominant_ratio_all_regions,dominant_ratio_valid_rgroups,failure_type,recommended_action,top_valid_rgroups_json,top_clash_residue,delta03_status,delta04_status,delta05_status,sample_path,original_ligand_sdf,failed_ligand_sdf
case_000717,complex_crossdocked_000019,complex_crossdocked_000019,train,train,RARA_HUMAN_173_420_0,RARA_HUMAN_173_420_0,crossdocked_subset,directed_clash,complex_crossdocked_000019:R2:directed_clash:90.0,20260510,90.0,"[16, 23]","[[0.63115948, -0.42444074, -0.64922088, 0.0], [-0.53643018, 0.3657051, -0.76059347, 0.0], [0.56025022, 0.82831746, 0.00313541, 0.0], [0.0, 0.0, 0.0, 1.0]]",R2,"[20, 21, 22, 23]",16,23,21,ambiguous_region,hard,ambiguous_region,reject,target_score_ratio_below_threshold,,,,True,True,True,True,True,True,0,MMFF,51121504008.45543,51099316574.58261,-22187433.872817993,True,record_only,0.0,0.0,1.7183949947357178,0.4,0.4,2,1,0.3739824915129475,0.6043322086334229,0.6914101357494704,0.562937133592366,0,0,1,0.6643414853917875,0.6043322086334229,R2,R2,0.6313244954715964,0.6914101357494704,ambiguous_region_clash,reject_or_expand_mask,"[{""region"": ""R2"", ""score"": 0.18699124575647375}, {""region"": ""R3"", ""score"": 0.08345784963287883}]",A:305::LEU,target_severe,target_severe,target_severe,samples/case_000717.pkl,ligands/case_000717_original.sdf,ligands/case_000717_failed.sdf
case_000718,complex_crossdocked_000019,complex_crossdocked_000019,train,train,RARA_HUMAN_173_420_0,RARA_HUMAN_173_420_0,crossdocked_subset,directed_clash,complex_crossdocked_000019:R2:directed_clash:330.0,20260510,330.0,"[16, 23]","[[0.95058477, -0.09236351, 0.29640788, 0.0], [-0.03636878, 0.91502059, 0.40176439, 0.0], [-0.30832767, -0.39269108, 0.86644548, 0.0], [0.0, 0.0, 0.0, 1.0]]",R2,"[20, 21, 22, 23]",16,23,21,ambiguous_region,hard,ambiguous_region,reject,target_score_ratio_below_threshold,,,,True,True,True,True,True,True,0,MMFF,51121504008.45543,51160922640.28237,39418631.826942444,True,record_only,0.0,0.0,0.6289770007133484,0.4,0.4,2,1,0.34412629214949675,0.5851912498474121,0.6733816358152691,0.5423707999654506,0,0,1,0.6344852860283368,0.5851912498474121,R2,R2,0.6117567967366087,0.6733816358152691,ambiguous_region_clash,reject_or_expand_mask,"[{""region"": ""R2"", ""score"": 0.17206314607474837}, {""region"": ""R3"", ""score"": 0.08345784963287883}]",A:305::LEU,target_severe,target_severe,target_severe,samples/case_000718.pkl,ligands/case_000718_original.sdf,ligands/case_000718_failed.sdf
case_000921,complex_crossdocked_000022,complex_crossdocked_000022,test,test,IPPK_MOUSE_1_468_0,IPPK_MOUSE_1_468_0,crossdocked_subset,easy_rotation,complex_crossdocked_000022:R3:easy_rotation:180.0,20260510,180.0,"[3, 12]","[[0.03946751, 0.99212712, 0.1188534, 0.0], [0.99212712, -0.05305729, 0.11344046, 0.0], [0.1188534, 0.11344046, -0.9864102, 0.0], [0.0, 0.0, 0.0, 1.0]]",R3,"[12, 13, 14, 15, 16]",3,12,6,global_pose_failure,hard,global_pose_failure,reject,max_clash_depth_exceeds_threshold,,,,True,True,True,True,True,True,0,MMFF,-344.7468102339135,-278.98992754918163,65.75688268473186,True,record_only,0.0,0.0,3.3908777236938477,0.4,0.4,11,8,8.606393345219118,1.9607264995574951,1.0,1.0,0,0,8,8.606393345219118,1.9607264995574951,R3,R3,1.0,1.0,single_rgroup_clash,local_rgroup_repair,"[{""region"": ""R3"", ""score"": 3.848896112202352}]",A:441::LYS,target_severe,target_severe,target_severe,samples/case_000921.pkl,ligands/case_000921_original.sdf,ligands/case_000921_failed.sdf
case_000957,complex_crossdocked_000022,complex_crossdocked_000022,test,test,IPPK_MOUSE_1_468_0,IPPK_MOUSE_1_468_0,crossdocked_subset,easy_rotation,complex_crossdocked_000022:R5:easy_rotation:180.0,20260510,180.0,"[5, 22]","[[-0.01369189, -0.70408469, -0.70998394, 0.0], [-0.70408469, -0.49738294, 0.50682831, 0.0], [-0.70998394, 0.50682831, -0.48892519, 0.0], [0.0, 0.0, 0.0, 1.0]]",R5,"[22, 23, 24, 25, 26]",5,22,9,global_pose_failure,hard,global_pose_failure,reject,max_clash_depth_exceeds_threshold,,,,True,True,True,True,True,True,0,MMFF,-344.7468102339135,-295.74994400486077,48.99686622905273,True,record_only,0.0,0.0,3.336453914642334,0.4,0.4,5,4,5.122812226947644,1.8938319683074951,1.0,1.0,0,0,4,5.122812226947644,1.8938319683074951,R5,R5,1.0,1.0,single_rgroup_clash,local_rgroup_repair,"[{""region"": ""R5"", ""score"": 2.2909912750844024}]",A:140::LYS,target_severe,target_severe,target_severe,samples/case_000957.pkl,ligands/case_000957_original.sdf,ligands/case_000957_failed.sdf
case_001029,complex_crossdocked_000023,complex_crossdocked_000023,test,test,IPPK_MOUSE_1_468_0,IPPK_MOUSE_1_468_0,crossdocked_subset,easy_rotation,complex_crossdocked_000023:R3:easy_rotation:180.0,20260510,180.0,"[2, 16]","[[0.15347141, -0.64817065, -0.74586952, 0.0], [-0.64817065, -0.63577318, 0.41912675, 0.0], [-0.74586952, 0.41912675, -0.51769823, 0.0], [0.0, 0.0, 0.0, 1.0]]",R3,"[16, 17, 18, 19, 20]",2,16,5,global_pose_failure,hard,global_pose_failure,reject,max_clash_depth_exceeds_threshold,,,,True,True,True,True,True,True,0,MMFF,-512.0549629729375,-472.3954374425558,39.65952553038164,True,record_only,0.0,0.0,3.429901361465454,0.4,0.4,11,5,9.69630880464564,2.183291435241699,1.0,1.0,0,0,5,9.69630880464564,2.183291435241699,R3,R3,1.0,1.0,single_rgroup_clash,local_rgroup_repair,"[{""region"": ""R3"", ""score"": 4.336321123603476}]",A:140::LYS,target_severe,target_severe,target_severe,samples/case_001029.pkl,ligands/case_001029_original.sdf,ligands/case_001029_failed.sdf
case_001041,complex_crossdocked_000023,complex_crossdocked_000023,test,test,IPPK_MOUSE_1_468_0,IPPK_MOUSE_1_468_0,crossdocked_subset,directed_clash,complex_crossdocked_000023:R3:directed_clash:150.0,20260510,150.0,"[2, 16]","[[0.21017808, -0.35921589, -0.90927947, 0.0], [-0.85028708, -0.52619714, 0.011335, 0.0], [-0.48253196, 0.7707662, -0.41603172, 0.0], [0.0, 0.0, 0.0, 1.0]]",R3,"[16, 17, 18, 19, 20]",2,16,5,global_pose_failure,hard,global_pose_failure,reject,max_clash_depth_exceeds_threshold,,,,True,True,True,True,True,True,0,MMFF,-512.0549629729375,-485.00379671570715,27.051166257230307,True,record_only,0.0,0.0,3.313030481338501,0.4,0.4,9,7,8.784319789897197,1.6295077800750732,1.0,1.0,0,0,7,8.784319789897197,1.6295077800750732,R3,R3,1.0,1.0,single_rgroup_clash,local_rgroup_repair,"[{""region"": ""R3"", ""score"": 3.9284672372613603}]",A:140::LYS,target_severe,target_severe,target_severe,samples/case_001041.pkl,ligands/case_001041_original.sdf,ligands/case_001041_failed.sdf
case_001227,complex_crossdocked_000025,complex_crossdocked_000025,test,test,IPPK_MOUSE_1_468_0,IPPK_MOUSE_1_468_0,crossdocked_subset,easy_rotation,complex_crossdocked_000025:R3:easy_rotation:180.0,20260510,180.0,"[2, 16]","[[-0.10788616, -0.63880903, -0.76176351, 0.0], [-0.63880903, -0.54257298, 0.54547006, 0.0], [-0.76176351, 0.54547006, -0.34954086, 0.0], [0.0, 0.0, 0.0, 1.0]]",R3,"[16, 17, 18, 19, 20]",2,16,5,global_pose_failure,hard,global_pose_failure,reject,max_clash_depth_exceeds_threshold,,,,True,True,True,True,True,True,0,MMFF,-514.3188730750378,-508.398475480614,5.9203975944237754,True,record_only,0.0,0.0,3.3840036392211914,0.4,0.4,6,5,5.564484290074759,1.815958857536316,1.0,1.0,0,0,5,5.564484290074759,1.815958857536316,R3,R3,1.0,1.0,single_rgroup_clash,local_rgroup_repair,"[{""region"": ""R3"", ""score"": 2.4885130264673636}]",A:140::LYS,target_severe,target_severe,target_severe,samples/case_001227.pkl,ligands/case_001227_original.sdf,ligands/case_001227_failed.sdf
case_001423,complex_crossdocked_000029,complex_crossdocked_000029,train,train,ODP1_ECOLI_2_887_0,ODP1_ECOLI_2_887_0,crossdocked_subset,easy_rotation,complex_crossdocked_000029:R3:easy_rotation:60.0,20260510,60.0,"[0, 14]","[[0.54454058, -0.37873939, 0.74835289, 0.0], [0.10642274, 0.91622901, 0.3862623, 0.0], [-0.83195537, -0.13069375, 0.53923041, 0.0], [0.0, 0.0, 0.0, 1.0]]",R3,"[14, 15, 16, 17, 18, 19, 20, 21, 22, 23, 24]",0,14,2,global_pose_failure,hard,global_pose_failure,reject,max_clash_depth_exceeds_threshold,,,,True,True,True,True,True,True,0,MMFF,8955927879.545776,8955927882.371365,2.8255882263183594,True,record_only,0.0,0.0,3.065377950668335,0.4,0.4,16,9,20.350856133980628,2.4788193702697754,0.9995196297980887,0.9995903099465244,0,0,9,20.359197094527005,2.4788193702697754,R3,R3,0.9995196297980887,0.9995196297980887,single_rgroup_clash,local_rgroup_repair,"[{""region"": ""R3"", ""score"": 6.1360139962651274}, {""region"": ""R2"", ""score"": 0.0029489748819763553}]",A:392::LYS,target_severe,target_severe,target_severe,samples/case_001423.pkl,ligands/case_001423_original.sdf,ligands/case_001423_failed.sdf
case_001424,complex_crossdocked_000029,complex_crossdocked_000029,train,train,ODP1_ECOLI_2_887_0,ODP1_ECOLI_2_887_0,crossdocked_subset,easy_rotation,complex_crossdocked_000029:R3:easy_rotation:120.0,20260510,120.0,"[0, 14]","[[-0.36637822, -0.65105599, 0.6647504, 0.0], [-0.1658939, 0.74868709, 0.64183086, 0.0], [-0.91555786, 0.12487482, -0.38230887, 0.0], [0.0, 0.0, 0.0, 1.0]]",R3,"[14, 15, 16, 17, 18, 19, 20, 21, 22, 23, 24]",0,14,2,global_pose_failure,hard,global_pose_failure,reject,max_clash_depth_exceeds_threshold,,,,True,True,True,True,True,True,0,MMFF,8955927879.545776,8955927877.185919,-2.3598575592041016,True,record_only,0.0,0.0,5.309390068054199,0.4,0.4,50,29,40.56427442537206,1.9947893619537354,0.9997589434138844,0.9997944189580327,0,0,29,40.57261538591844,1.9947893619537354,R3,R3,0.9997589434138844,0.9997589434138844,single_rgroup_clash,local_rgroup_repair,"[{""region"": ""R3"", ""score"": 12.23058892381532}, {""region"": ""R2"", ""score"": 0.0029489748819763553}]",A:264::LEU,target_severe,target_severe,target_severe,samples/case_001424.pkl,ligands/case_001424_original.sdf,ligands/case_001424_failed.sdf
case_001425,complex_crossdocked_000029,complex_crossdocked_000029,train,train,ODP1_ECOLI_2_887_0,ODP1_ECOLI_2_887_0,crossdocked_subset,easy_rotation,complex_crossdocked_000029:R3:easy_rotation:180.0,20260510,180.0,"[0, 14]","[[-0.8218376, -0.54463327, -0.16720499, 0.0], [-0.54463327, 0.6649161, 0.51113713, 0.0], [-0.16720499, 0.51113713, -0.84307849, 0.0], [0.0, 0.0, 0.0, 1.0]]",R3,"[14, 15, 16, 17, 18, 19, 20, 21, 22, 23, 24]",0,14,2,global_pose_failure,hard,global_pose_failure,reject,max_clash_depth_exceeds_threshold,,,,True,True,True,True,True,True,0,MMFF,8955927879.545776,8955927878.057835,-1.4879417419433594,True,record_only,0.0,0.0,6.13075590133667,0.4,0.4,61,42,59.787894446616136,2.1338720321655273,0.9998364377346609,0.9998605102731036,0,0,42,59.79623540716251,2.1338720321655273,R3,R3,0.9998364377346609,0.9998364377346609,single_rgroup_clash,local_rgroup_repair,"[{""region"": ""R3"", ""score"": 18.02672844407264}, {""region"": ""R2"", ""score"": 0.0029489748819763553}]",A:263::ARG,target_severe,target_severe,target_severe,samples/case_001425.pkl,ligands/case_001425_original.sdf,ligands/case_001425_failed.sdf
case_001426,complex_crossdocked_000029,complex_crossdocked_000029,train,train,ODP1_ECOLI_2_887_0,ODP1_ECOLI_2_887_0,crossdocked_subset,easy_rotation,complex_crossdocked_000029:R3:easy_rotation:240.0,20260510,240.0,"[0, 14]","[[-0.36637822, -0.1658939, -0.91555786, 0.0], [-0.65105599, 0.74868709, 0.12487482, 0.0], [0.6647504, 0.64183086, -0.38230887, 0.0], [0.0, 0.0, 0.0, 1.0]]",R3,"[14, 15, 16, 17, 18, 19, 20, 21, 22, 23, 24]",0,14,2,global_pose_failure,hard,global_pose_failure,reject,max_clash_depth_exceeds_threshold,,,,True,True,True,True,True,True,0,MMFF,8955927879.545776,8955927909.738888,30.193111419677734,True,record_only,0.0,0.0,5.309390068054199,0.4,0.4,44,27,34.1949448233478,2.0928614139556885,0.9997140557900615,0.9997561356941237,0,0,27,34.203285783894174,2.0928614139556885,R3,R3,0.9997140557900615,0.9997140557900615,single_rgroup_clash,local_rgroup_repair,"[{""region"": ""R3"", ""score"": 10.310163791450032}, {""region"": ""R2"", ""score"": 0.0029489748819763553}]",A:263::ARG,target_severe,target_severe,target_severe,samples/case_001426.pkl,ligands/case_001426_original.sdf,ligands/case_001426_failed.sdf
case_001427,complex_crossdocked_000029,complex_crossdocked_000029,train,train,ODP1_ECOLI_2_887_0,ODP1_ECOLI_2_887_0,crossdocked_subset,easy_rotation,complex_crossdocked_000029:R3:easy_rotation:300.0,20260510,300.0,"[0, 14]","[[0.54454058, 0.10642274, -0.83195537, 0.0], [-0.37873939, 0.91622901, -0.13069375, 0.0], [0.74835289, 0.3862623, 0.53923041, 0.0], [0.0, 0.0, 0.0, 1.0]]",R3,"[14, 15, 16, 17, 18, 19, 20, 21, 22, 23, 24]",0,14,2,global_pose_failure,hard,global_pose_failure,reject,max_clash_depth_exceeds_threshold,,,,True,True,True,True,True,True,0,MMFF,8955927879.545776,8955927876.38398,-3.1617965698242188,True,record_only,0.0,0.0,3.0653774738311768,0.4,0.4,24,12,9.964639263507465,1.5029083490371704,0.9990194273660845,0.9991636441305419,0,0,12,9.972980224053842,1.5029083490371704,R3,R3,0.9990194273660845,0.9990194273660845,single_rgroup_clash,local_rgroup_repair,"[{""region"": ""R3"", ""score"": 3.004451782572512}, {""region"": ""R2"", ""score"": 0.0029489748819763553}]",A:229::GLY,target_severe,target_severe,target_severe,samples/case_001427.pkl,ligands/case_001427_original.sdf,ligands/case_001427_failed.sdf
case_001430,complex_crossdocked_000029,complex_crossdocked_000029,train,train,ODP1_ECOLI_2_887_0,ODP1_ECOLI_2_887_0,crossdocked_subset,torsion_perturb,complex_crossdocked_000029:R3:torsion_perturb:180.0,20260510,180.0,"[14, 15]","[[0.79517782, -0.39301881, 0.46176663, 0.0], [-0.39301881, -0.91395628, -0.10109471, 0.0], [0.46176663, -0.10109471, -0.88122159, 0.0], [0.0, 0.0, 0.0, 1.0]]",R3,"[14, 15, 16, 17, 18, 19, 20, 21, 22, 23, 24]",0,14,2,global_pose_failure,hard,global_pose_failure,reject,max_clash_depth_exceeds_threshold,,,,True,True,True,True,True,True,0,MMFF,8955927879.545776,8955927898.741268,19.195491790771484,True,record_only,0.0,0.0,4.737068176269531,0.4,0.4,20,11,13.51388752044545,1.5779238939285278,0.9992767758657382,0.9993831667200342,0,0,11,13.522228480991828,1.5779238939285278,R3,R3,0.9992767758657382,0.9992767758657382,single_rgroup_clash,local_rgroup_repair,"[{""region"": ""R3"", ""score"": 4.074590396762168}, {""region"": ""R2"", ""score"": 0.0029489748819763553}]",A:194::MET,target_severe,target_severe,target_severe,samples/case_001430.pkl,ligands/case_001430_original.sdf,ligands/case_001430_failed.sdf
case_001431,complex_crossdocked_000029,complex_crossdocked_000029,train,train,ODP1_ECOLI_2_887_0,ODP1_ECOLI_2_887_0,crossdocked_subset,torsion_perturb,complex_crossdocked_000029:R3:torsion_perturb:240.0,20260510,240.0,"[14, 15]","[[0.84638339, -0.50581366, 0.16669647, 0.0], [-0.08371457, -0.43546721, -0.89630359, 0.0], [0.52595347, 0.74466157, -0.41091618, 0.0], [0.0, 0.0, 0.0, 1.0]]",R3,"[14, 15, 16, 17, 18, 19, 20, 21, 22, 23, 24]",0,14,2,global_pose_failure,hard,global_pose_failure,reject,max_clash_depth_exceeds_threshold,,,,True,True,True,True,True,True,0,MMFF,8955927879.545776,8955927891.480623,11.934846878051758,True,record_only,0.0,0.0,4.102421283721924,0.4,0.4,27,18,25.39872265532334,2.0714821815490723,0.9996150641741945,0.9996717070231931,0,0,18,25.407063615869717,2.0714821815490723,R3,R3,0.9996150641741945,0.9996150641741945,single_rgroup_clash,local_rgroup_repair,"[{""region"": ""R3"", ""score"": 7.658003018364247}, {""region"": ""R2"", ""score"": 0.0029489748819763553}]",A:142::HIS,target_severe,target_severe,target_severe,samples/case_001431.pkl,ligands/case_001431_original.sdf,ligands/case_001431_failed.sdf
case_001432,complex_crossdocked_000029,complex_crossdocked_000029,train,train,ODP1_ECOLI_2_887_0,ODP1_ECOLI_2_887_0,crossdocked_subset,torsion_perturb,complex_crossdocked_000029:R3:torsion_perturb:300.0,20260510,300.0,"[14, 15]","[[0.94879448, -0.30930427, -0.06418684, 0.0], [0.11279485, 0.52151096, -0.84575629, 0.0], [0.29507014, 0.79520893, 0.52969462, 0.0], [0.0, 0.0, 0.0, 1.0]]",R3,"[14, 15, 16, 17, 18, 19, 20, 21, 22, 23, 24]",0,14,2,global_pose_failure,hard,global_pose_failure,reject,max_clash_depth_exceeds_threshold,,,,True,True,True,True,True,True,0,MMFF,8955927879.545776,8955927888.045984,8.500207901000977,True,record_only,0.0,0.0,2.3685343265533447,0.4,0.4,20,11,16.023558479108615,2.0939505100250244,0.9993899808938683,0.9994797272414431,0,0,11,16.031899439654993,2.0939505100250244,R3,R3,0.9993899808938683,0.9993899808938683,single_rgroup_clash,local_rgroup_repair,"[{""region"": ""R3"", ""score"": 4.831284661956464}, {""region"": ""R2"", ""score"": 0.0029489748819763553}]",A:142::HIS,target_severe,target_severe,target_severe,samples/case_001432.pkl,ligands/case_001432_original.sdf,ligands/case_001432_failed.sdf
case_001433,complex_crossdocked_000029,complex_crossdocked_000029,train,train,ODP1_ECOLI_2_887_0,ODP1_ECOLI_2_887_0,crossdocked_subset,directed_clash,complex_crossdocked_000029:R3:directed_clash:210.0,20260510,210.0,"[0, 14]","[[-0.69979763, -0.36809552, -0.61220008, 0.0], [-0.64820403, 0.68736249, 0.32766509, 0.0], [0.30019131, 0.62612981, -0.71961564, 0.0], [0.0, 0.0, 0.0, 1.0]]",R3,"[14, 15, 16, 17, 18, 19, 20, 21, 22, 23, 24]",0,14,2,global_pose_failure,hard,global_pose_failure,reject,max_clash_depth_exceeds_threshold,,,,True,True,True,True,True,True,0,MMFF,8955927879.545776,8955927883.42124,3.8754634857177734,True,record_only,0.0,0.0,5.921855449676514,0.4,0.4,47,28,35.80686157373577,2.4612371921539307,0.9997269246195537,0.9997671111718999,0,0,28,35.81520253428215,2.4612371921539307,R3,R3,0.9997269246195537,0.9997269246195537,single_rgroup_clash,local_rgroup_repair,"[{""region"": ""R3"", ""score"": 10.79617497820693}, {""region"": ""R2"", ""score"": 0.0029489748819763553}]",A:263::ARG,target_severe,target_severe,target_severe,samples/case_001433.pkl,ligands/case_001433_original.sdf,ligands/case_001433_failed.sdf
case_001435,complex_crossdocked_000029,complex_crossdocked_000029,train,train,ODP1_ECOLI_2_887_0,ODP1_ECOLI_2_887_0,crossdocked_subset,directed_clash,complex_crossdocked_000029:R3:directed_clash:150.0,20260510,150.0,"[0, 14]","[[-0.69979763, -0.64820403, 0.30019131, 0.0], [-0.36809552, 0.68736249, 0.62612981, 0.0], [-0.61220008, 0.32766509, -0.71961564, 0.0], [0.0, 0.0, 0.0, 1.0]]",R3,"[14, 15, 16, 17, 18, 19, 20, 21, 22, 23, 24]",0,14,2,global_pose_failure,hard,global_pose_failure,reject,max_clash_depth_exceeds_threshold,,,,True,True,True,True,True,True,0,MMFF,8955927879.545776,8955927878.098904,-1.4468727111816406,True,record_only,0.0,0.0,5.921855449676514,0.4,0.4,58,33,44.17962962647677,2.055814266204834,0.9997786654508397,0.999811239112465,0,0,33,44.187970587023145,2.055814266204834,R3,R3,0.9997786654508397,0.9997786654508397,single_rgroup_clash,local_rgroup_repair,"[{""region"": ""R3"", ""score"": 13.32065953162661}, {""region"": ""R2"", ""score"": 0.0029489748819763553}]",A:264::LEU,target_severe,target_severe,target_severe,samples/case_001435.pkl,ligands/case_001435_original.sdf,ligands/case_001435_failed.sdf
case_001436,complex_crossdocked_000029,complex_crossdocked_000029,train,train,ODP1_ECOLI_2_887_0,ODP1_ECOLI_2_887_0,crossdocked_subset,directed_clash,complex_crossdocked_000029:R3:directed_clash:90.0,20260510,90.0,"[0, 14]","[[0.08908119, -0.55242515, 0.82878888, 0.0], [0.00779184, 0.83245808, 0.55403328, 0.0], [-0.99599391, -0.04289615, 0.07846076, 0.0], [0.0, 0.0, 0.0, 1.0]]",R3,"[14, 15, 16, 17, 18, 19, 20, 21, 22, 23, 24]",0,14,2,global_pose_failure,hard,global_pose_failure,reject,max_clash_depth_exceeds_threshold,,,,True,True,True,True,True,True,0,MMFF,8955927879.545776,8955927878.601118,-0.9446582794189453,True,record_only,0.0,0.0,4.335099220275879,0.4,0.4,25,16,19.19729163777056,1.977107286453247,0.99949077907051,0.9995657023790454,0,0,16,19.20563259831694,1.977107286453247,R3,R3,0.99949077907051,0.99949077907051,single_rgroup_clash,local_rgroup_repair,"[{""region"": ""R3"", ""score"": 5.78820121395566}, {""region"": ""R2"", ""score"": 0.0029489748819763553}]",A:263::ARG,target_severe,target_severe,target_severe,samples/case_001436.pkl,ligands/case_001436_original.sdf,ligands/case_001436_failed.sdf
case_001440,complex_crossdocked_000029,complex_crossdocked_000029,train,train,ODP1_ECOLI_2_887_0,ODP1_ECOLI_2_887_0,crossdocked_subset,directed_clash,complex_crossdocked_000029:R3:directed_clash:270.0,20260510,270.0,"[0, 14]","[[0.08908119, 0.00779184, -0.99599391, 0.0], [-0.55242515, 0.83245808, -0.04289615, 0.0], [0.82878888, 0.55403328, 0.07846076, 0.0], [0.0, 0.0, 0.0, 1.0]]",R3,"[14, 15, 16, 17, 18, 19, 20, 21, 22, 23, 24]",0,14,2,global_pose_failure,hard,global_pose_failure,reject,max_clash_depth_exceeds_threshold,,,,True,True,True,True,True,True,0,MMFF,8955927879.545776,8955927897.063793,17.518016815185547,True,record_only,0.0,0.0,4.335098743438721,0.4,0.4,35,22,23.17435560146066,1.5220102071762085,0.9995781320858158,0.9996402074916493,0,0,22,23.182696562007038,1.5220102071762085,R3,R3,0.9995781320858158,0.9995781320858158,single_rgroup_clash,local_rgroup_repair,"[{""region"": ""R3"", ""score"": 6.987331117119632}, {""region"": ""R2"", ""score"": 0.0029489748819763553}]",A:232::GLU,target_severe,target_severe,target_severe,samples/case_001440.pkl,ligands/case_001440_original.sdf,ligands/case_001440_failed.sdf
case_001453,complex_crossdocked_000030,complex_crossdocked_000030,train,train,ODP1_ECOLI_2_887_0,ODP1_ECOLI_2_887_0,crossdocked_subset,directed_clash,complex_crossdocked_000030:R2:directed_clash:150.0,20260510,150.0,"[5, 6]","[[-0.85952854, -0.21537288, -0.46349245, 0.0], [0.00075864, 0.90633577, -0.42255753, 0.0], [0.51108724, -0.36355186, -0.77885807, 0.0], [0.0, 0.0, 0.0, 1.0]]",R2,"[6, 7, 8, 9, 10, 11, 12, 13]",5,6,8,global_pose_failure,hard,global_pose_failure,reject,max_clash_depth_exceeds_threshold,,,,True,True,True,True,True,True,0,MMFF,9082218863.618261,8549069899.8641815,-533148963.7540798,True,record_only,0.0,0.0,3.81685733795166,0.4,0.4,9,6,6.365935937411294,1.675337314605713,1.0,1.0,0,0,6,6.365935937411294,1.675337314605713,R2,R2,1.0,1.0,single_rgroup_clash,local_rgroup_repair,"[{""region"": ""R2"", ""score"": 2.2506982349713334}]",A:177::TYR,target_severe,target_severe,target_severe,samples/case_001453.pkl,ligands/case_001453_original.sdf,ligands/case_001453_failed.sdf
case_001459,complex_crossdocked_000030,complex_crossdocked_000030,train,train,ODP1_ECOLI_2_887_0,ODP1_ECOLI_2_887_0,crossdocked_subset,easy_rotation,complex_crossdocked_000030:R3:easy_rotation:60.0,20260510,60.0,"[0, 14]","[[0.561279, -0.42372176, 0.71093303, 0.0], [0.11435182, 0.89046711, 0.44044518, 0.0], [-0.81968868, -0.16591614, 0.54825383, 0.0], [0.0, 0.0, 0.0, 1.0]]",R3,"[14, 15, 16, 17, 18, 19, 20, 21, 22, 23, 24]",0,14,2,global_pose_failure,hard,global_pose_failure,reject,max_clash_depth_exceeds_threshold,,,,True,True,True,True,True,True,0,MMFF,9082218863.618261,9082218864.775118,1.1568565368652344,True,record_only,0.0,0.0,2.9155242443084717,0.4,0.4,16,10,19.73717230793764,2.3681702613830566,0.9982522292763119,0.998509112562834,0,0,10,19.766642146388648,2.3681702613830566,R3,R3,0.9982522292763119,0.9982522292763119,single_rgroup_clash,local_rgroup_repair,"[{""region"": ""R3"", ""score"": 5.95098136072928}, {""region"": ""R2"", ""score"": 0.010419161304589567}]",A:392::LYS,target_severe,target_severe,target_severe,samples/case_001459.pkl,ligands/case_001459_original.sdf,ligands/case_001459_failed.sdf
case_001460,complex_crossdocked_000030,complex_crossdocked_000030,train,train,ODP1_ECOLI_2_887_0,ODP1_ECOLI_2_887_0,crossdocked_subset,easy_rotation,complex_crossdocked_000030:R3:easy_rotation:120.0,20260510,120.0,"[0, 14]","[[-0.31616297, -0.73309165, 0.60217732, 0.0], [-0.1950181, 0.67140138, 0.71497422, 0.0], [-0.92844433, 0.10861289, -0.35523841, 0.0], [0.0, 0.0, 0.0, 1.0]]",R3,"[14, 15, 16, 17, 18, 19, 20, 21, 22, 23, 24]",0,14,2,global_pose_failure,hard,global_pose_failure,reject,max_clash_depth_exceeds_threshold,,,,True,True,True,True,True,True,0,MMFF,9082218863.618261,9082218861.007277,-2.6109848022460938,True,record_only,0.0,0.0,5.049836158752441,0.4,0.4,34,22,36.26307479088288,2.2104461193084717,0.9990479695920252,0.9991879919484293,0,0,22,36.29254462933389,2.2104461193084717,R3,R3,0.9990479695920252,0.9990479695920252,single_rgroup_clash,local_rgroup_repair,"[{""region"": ""R3"", ""score"": 10.933728438723103}, {""region"": ""R2"", ""score"": 0.010419161304589567}]",A:263::ARG,target_severe,target_severe,target_severe,samples/case_001460.pkl,ligands/case_001460_original.sdf,ligands/case_001460_failed.sdf
case_001461,complex_crossdocked_000030,complex_crossdocked_000030,train,train,ODP1_ECOLI_2_887_0,ODP1_ECOLI_2_887_0,crossdocked_subset,easy_rotation,complex_crossdocked_000030:R3:easy_rotation:180.0,20260510,180.0,"[0, 14]","[[-0.75488394, -0.61873984, -0.21751133, 0.0], [-0.61873984, 0.56186855, 0.54905808, 0.0], [-0.21751133, 0.54905808, -0.80698454, 0.0], [0.0, 0.0, 0.0, 1.0]]",R3,"[14, 15, 16, 17, 18, 19, 20, 21, 22, 23, 24]",0,14,2,global_pose_failure,hard,global_pose_failure,reject,max_clash_depth_exceeds_threshold,,,,True,True,True,True,True,True,0,MMFF,9082218863.618261,9082218862.135326,-1.4829349517822266,True,record_only,0.0,0.0,5.831048488616943,0.4,0.4,58,38,59.80653506420592,2.27595853805542,0.9994225297733736,0.9995074898717093,0,0,38,59.836004902656924,2.27595853805542,R3,R3,0.9994225297733736,0.9994225297733736,single_rgroup_clash,local_rgroup_repair,"[{""region"": ""R3"", ""score"": 18.032348801745893}, {""region"": ""R2"", ""score"": 0.010419161304589567}]",A:263::ARG,target_severe,target_severe,target_severe,samples/case_001461.pkl,ligands/case_001461_original.sdf,ligands/case_001461_failed.sdf
case_001462,complex_crossdocked_000030,complex_crossdocked_000030,train,train,ODP1_ECOLI_2_887_0,ODP1_ECOLI_2_887_0,crossdocked_subset,easy_rotation,complex_crossdocked_000030:R3:easy_rotation:240.0,20260510,240.0,"[0, 14]","[[-0.31616297, -0.1950181, -0.92844433, 0.0], [-0.73309165, 0.67140138, 0.10861289, 0.0], [0.60217732, 0.71497422, -0.35523841, 0.0], [0.0, 0.0, 0.0, 1.0]]",R3,"[14, 15, 16, 17, 18, 19, 20, 21, 22, 23, 24]",0,14,2,global_pose_failure,hard,global_pose_failure,reject,max_clash_depth_exceeds_threshold,,,,True,True,True,True,True,True,0,MMFF,9082218863.618261,9082218875.549654,11.931392669677734,True,record_only,0.0,0.0,5.049836158752441,0.4,0.4,44,24,30.960282628638808,2.407040596008301,0.9988850902374,0.999049045697209,0,0,24,30.989752467089815,2.407040596008301,R3,R3,0.9988850902374,0.9988850902374,single_rgroup_clash,local_rgroup_repair,"[{""region"": ""R3"", ""score"": 9.334876443868465}, {""region"": ""R2"", ""score"": 0.010419161304589567}]",A:263::ARG,target_severe,target_severe,target_severe,samples/case_001462.pkl,ligands/case_001462_original.sdf,ligands/case_001462_failed.sdf
case_001463,complex_crossdocked_000030,complex_crossdocked_000030,train,train,ODP1_ECOLI_2_887_0,ODP1_ECOLI_2_887_0,crossdocked_subset,easy_rotation,complex_crossdocked_000030:R3:easy_rotation:300.0,20260510,300.0,"[0, 14]","[[0.561279, 0.11435182, -0.81968868, 0.0], [-0.42372176, 0.89046711, -0.16591614, 0.0], [0.71093303, 0.44044518, 0.54825383, 0.0], [0.0, 0.0, 0.0, 1.0]]",R3,"[14, 15, 16, 17, 18, 19, 20, 21, 22, 23, 24]",0,14,2,global_pose_failure,hard,global_pose_failure,reject,max_clash_depth_exceeds_threshold,,,,True,True,True,True,True,True,0,MMFF,9082218863.618261,9082218864.943169,1.3249073028564453,True,record_only,0.0,0.0,2.9155242443084717,0.4,0.4,19,10,7.403059358189992,1.5439202785491943,0.9953538271436922,0.9960350188110495,0,0,10,7.432529196640999,1.5439202785491943,R3,R3,0.9953538271436922,0.9953538271436922,single_rgroup_clash,local_rgroup_repair,"[{""region"": ""R3"", ""score"": 2.23210638107686}, {""region"": ""R2"", ""score"": 0.010419161304589567}]",B:569::ILE,target_severe,target_severe,target_severe,samples/case_001463.pkl,ligands/case_001463_original.sdf,ligands/case_001463_failed.sdf
case_001465,complex_crossdocked_000030,complex_crossdocked_000030,train,train,ODP1_ECOLI_2_887_0,ODP1_ECOLI_2_887_0,crossdocked_subset,torsion_perturb,complex_crossdocked_000030:R3:torsion_perturb:120.0,20260510,120.0,"[14, 15]","[[0.61998248, 0.02715462, 0.78414559, 0.0], [-0.71405536, -0.39467856, 0.57823336, 0.0], [0.32518718, -0.91841793, -0.2253039, 0.0], [0.0, 0.0, 0.0, 1.0]]",R3,"[14, 15, 16, 17, 18, 19, 20, 21, 22, 23, 24]",0,14,2,global_pose_failure,hard,global_pose_failure,reject,max_clash_depth_exceeds_threshold,,,,True,True,True,True,True,True,0,MMFF,9082218863.618261,9082218866.867323,3.2490615844726562,True,record_only,0.0,0.0,4.532403469085693,0.4,0.4,28,15,14.136208523264273,1.6777034997940063,0.9975614267298952,0.9979196309771755,0,0,15,14.16567836171528,1.6777034997940063,R3,R3,0.9975614267298952,0.9975614267298952,single_rgroup_clash,local_rgroup_repair,"[{""region"": ""R3"", ""score"": 4.262227239081053}, {""region"": ""R2"", ""score"": 0.010419161304589567}]",A:194::MET,target_severe,target_severe,target_severe,samples/case_001465.pkl,ligands/case_001465_original.sdf,ligands/case_001465_failed.sdf
case_001466,complex_crossdocked_000030,complex_crossdocked_000030,train,train,ODP1_ECOLI_2_887_0,ODP1_ECOLI_2_887_0,crossdocked_subset,torsion_perturb,complex_crossdocked_000030:R3:torsion_perturb:180.0,20260510,180.0,"[14, 15]","[[0.49330997, -0.45793381, 0.73955518, 0.0], [-0.45793381, -0.85957146, -0.22678971, 0.0], [0.73955518, -0.22678971, -0.63373852, 0.0], [0.0, 0.0, 0.0, 1.0]]",R3,"[14, 15, 16, 17, 18, 19, 20, 21, 22, 23, 24]",0,14,2,global_pose_failure,hard,global_pose_failure,reject,max_clash_depth_exceeds_threshold,,,,True,True,True,True,True,True,0,MMFF,9082218863.618261,9082218877.61539,13.997129440307617,True,record_only,0.0,0.0,5.2335686683654785,0.4,0.4,22,15,19.010143871048015,2.0368893146514893,0.9981855084040507,0.9984521829643894,0,0,15,19.039613709499022,2.0368893146514893,R3,R3,0.9981855084040507,0.9981855084040507,single_rgroup_clash,local_rgroup_repair,"[{""region"": ""R3"", ""score"": 5.731774039176419}, {""region"": ""R2"", ""score"": 0.010419161304589567}]",A:194::MET,target_severe,target_severe,target_severe,samples/case_001466.pkl,ligands/case_001466_original.sdf,ligands/case_001466_failed.sdf
case_001467,complex_crossdocked_000030,complex_crossdocked_000030,train,train,ODP1_ECOLI_2_887_0,ODP1_ECOLI_2_887_0,crossdocked_subset,torsion_perturb,complex_crossdocked_000030:R3:torsion_perturb:240.0,20260510,240.0,"[14, 15]","[[0.61998248, -0.71405536, 0.32518718, 0.0], [0.02715462, -0.39467856, -0.91841793, 0.0], [0.78414559, 0.57823336, -0.2253039, 0.0], [0.0, 0.0, 0.0, 1.0]]",R3,"[14, 15, 16, 17, 18, 19, 20, 21, 22, 23, 24]",0,14,2,global_pose_failure,hard,global_pose_failure,reject,max_clash_depth_exceeds_threshold,,,,True,True,True,True,True,True,0,MMFF,9082218863.618261,9082218869.859867,6.241605758666992,True,record_only,0.0,0.0,4.532403469085693,0.4,0.4,21,13,18.83763816880439,2.1732778549194336,0.9981689226198683,0.9984380309669254,0,0,13,18.867108007255396,2.1732778549194336,R3,R3,0.9981689226198683,0.9981689226198683,single_rgroup_clash,local_rgroup_repair,"[{""region"": ""R3"", ""score"": 5.6797616129456125}, {""region"": ""R2"", ""score"": 0.010419161304589567}]",A:142::HIS,target_severe,target_severe,target_severe,samples/case_001467.pkl,ligands/case_001467_original.sdf,ligands/case_001467_failed.sdf
case_001468,complex_crossdocked_000030,complex_crossdocked_000030,train,train,ODP1_ECOLI_2_887_0,ODP1_ECOLI_2_887_0,crossdocked_subset,torsion_perturb,complex_crossdocked_000030:R3:torsion_perturb:300.0,20260510,300.0,"[14, 15]","[[0.87332749, -0.48508844, -0.04459042, 0.0], [0.25612152, 0.53510714, -0.80502307, 0.0], [0.41436803, 0.69162822, 0.59156537, 0.0], [0.0, 0.0, 0.0, 1.0]]",R3,"[14, 15, 16, 17, 18, 19, 20, 21, 22, 23, 24]",0,14,2,global_pose_failure,hard,global_pose_failure,reject,max_clash_depth_exceeds_threshold,,,,True,True,True,True,True,True,0,MMFF,9082218863.618261,9082218868.557629,4.939367294311523,True,record_only,0.0,0.0,2.6167843341827393,0.4,0.4,23,17,24.083651334541585,2.300060749053955,0.998567204952038,0.9987778505221458,0,0,17,24.113121172992592,2.300060749053955,R3,R3,0.998567204952038,0.998567204952038,single_rgroup_clash,local_rgroup_repair,"[{""region"": ""R3"", ""score"": 7.261494096219685}, {""region"": ""R2"", ""score"": 0.010419161304589567}]",A:142::HIS,target_severe,target_severe,target_severe,samples/case_001468.pkl,ligands/case_001468_original.sdf,ligands/case_001468_failed.sdf
case_001472,complex_crossdocked_000030,complex_crossdocked_000030,train,train,ODP1_ECOLI_2_887_0,ODP1_ECOLI_2_887_0,crossdocked_subset,directed_clash,complex_crossdocked_000030:R3:directed_clash:210.0,20260510,210.0,"[0, 14]","[[-0.63732904, -0.42196369, -0.64479327, 0.0], [-0.7326206, 0.59121776, 0.3372367, 0.0], [0.23891158, 0.68731958, -0.68593955, 0.0], [0.0, 0.0, 0.0, 1.0]]",R3,"[14, 15, 16, 17, 18, 19, 20, 21, 22, 23, 24]",0,14,2,global_pose_failure,hard,global_pose_failure,reject,max_clash_depth_exceeds_threshold,,,,True,True,True,True,True,True,0,MMFF,9082218863.618261,9082218863.287958,-0.3303031921386719,True,record_only,0.0,0.0,5.632359504699707,0.4,0.4,49,31,48.82298218265112,2.1681790351867676,0.999292709996337,0.9993967582540529,0,0,31,48.852452021102124,2.1681790351867676,R3,R3,0.999292709996337,0.999292709996337,single_rgroup_clash,local_rgroup_repair,"[{""region"": ""R3"", ""score"": 14.720683004187334}, {""region"": ""R2"", ""score"": 0.010419161304589567}]",A:263::ARG,target_severe,target_severe,target_severe,samples/case_001472.pkl,ligands/case_001472_original.sdf,ligands/case_001472_failed.sdf
case_001474,complex_crossdocked_000030,complex_crossdocked_000030,train,train,ODP1_ECOLI_2_887_0,ODP1_ECOLI_2_887_0,crossdocked_subset,directed_clash,complex_crossdocked_000030:R3:directed_clash:150.0,20260510,150.0,"[0, 14]","[[-0.63732904, -0.7326206, 0.23891158, 0.0], [-0.42196369, 0.59121776, 0.68731958, 0.0], [-0.64479327, 0.3372367, -0.68593955, 0.0], [0.0, 0.0, 0.0, 1.0]]",R3,"[14, 15, 16, 17, 18, 19, 20, 21, 22, 23, 24]",0,14,2,global_pose_failure,hard,global_pose_failure,reject,max_clash_depth_exceeds_threshold,,,,True,True,True,True,True,True,0,MMFF,9082218863.618261,9082218861.87478,-1.7434806823730469,True,record_only,0.0,0.0,5.632360458374023,0.4,0.4,53,34,41.84178487168232,2.067197322845459,0.999174797807355,0.9992961797143405,0,0,34,41.87125471013333,2.067197322845459,R3,R3,0.999174797807355,0.999174797807355,single_rgroup_clash,local_rgroup_repair,"[{""region"": ""R3"", ""score"": 12.615772816194466}, {""region"": ""R2"", ""score"": 0.010419161304589567}]",A:263::ARG,target_severe,target_severe,target_severe,samples/case_001474.pkl,ligands/case_001474_original.sdf,ligands/case_001474_failed.sdf
case_001475,complex_crossdocked_000030,complex_crossdocked_000030,train,train,ODP1_ECOLI_2_887_0,ODP1_ECOLI_2_887_0,crossdocked_subset,directed_clash,complex_crossdocked_000030:R3:directed_clash:270.0,20260510,270.0,"[0, 14]","[[0.12255801, 0.001287, -0.99246049, 0.0], [-0.62002683, 0.78093427, -0.07555383, 0.0], [0.77494919, 0.62461191, 0.09650772, 0.0], [0.0, 0.0, 0.0, 1.0]]",R3,"[14, 15, 16, 17, 18, 19, 20, 21, 22, 23, 24]",0,14,2,global_pose_failure,hard,global_pose_failure,reject,max_clash_depth_exceeds_threshold,,,,True,True,True,True,True,True,0,MMFF,9082218863.618261,9082218912.79132,49.17305946350098,True,record_only,0.0,0.0,4.12317419052124,0.4,0.4,29,20,21.147409776912113,1.7430737018585205,0.9983685910783973,0.9986083956188887,0,0,20,21.17687961536312,1.7430737018585205,R3,R3,0.9983685910783973,0.9983685910783973,single_rgroup_clash,local_rgroup_repair,"[{""region"": ""R3"", ""score"": 6.3761839561737155}, {""region"": ""R2"", ""score"": 0.010419161304589567}]",A:263::ARG,target_severe,target_severe,target_severe,samples/case_001475.pkl,ligands/case_001475_original.sdf,ligands/case_001475_failed.sdf
case_001476,complex_crossdocked_000030,complex_crossdocked_000030,train,train,ODP1_ECOLI_2_887_0,ODP1_ECOLI_2_887_0,crossdocked_subset,directed_clash,complex_crossdocked_000030:R3:directed_clash:90.0,20260510,90.0,"[0, 14]","[[0.12255801, -0.62002683, 0.77494919, 0.0], [0.001287, 0.78093427, 0.62461191, 0.0], [-0.99246049, -0.07555383, 0.09650772, 0.0], [0.0, 0.0, 0.0, 1.0]]",R3,"[14, 15, 16, 17, 18, 19, 20, 21, 22, 23, 24]",0,14,2,global_pose_failure,hard,global_pose_failure,reject,max_clash_depth_exceeds_threshold,,,,True,True,True,True,True,True,0,MMFF,9082218863.618261,9082218863.981922,0.3636608123779297,True,record_only,0.0,0.0,4.123173713684082,0.4,0.4,20,15,13.530367191007969,1.625792384147644,0.9974525143233084,0.9978266819588625,0,0,15,13.559837029458976,1.625792384147644,R3,R3,0.9974525143233084,0.9974525143233084,single_rgroup_clash,local_rgroup_repair,"[{""region"": ""R3"", ""score"": 4.079559204391671}, {""region"": ""R2"", ""score"": 0.010419161304589567}]",A:392::LYS,target_severe,target_severe,target_severe,samples/case_001476.pkl,ligands/case_001476_original.sdf,ligands/case_001476_failed.sdf
case_001539,complex_crossdocked_000032,complex_crossdocked_000032,train,train,SMYD2_HUMAN_2_433_0,SMYD2_HUMAN_2_433_0,crossdocked_subset,torsion_perturb,complex_crossdocked_000032:R2:torsion_perturb:240.0,20260510,240.0,"[12, 13]","[[0.04242461, 0.14471833, -0.988563, 0.0], [0.99363369, 0.09724675, 0.05687843, 0.0], [0.10436589, -0.9846825, -0.13967136, 0.0], [0.0, 0.0, 0.0, 1.0]]",R2,"[12, 13, 14, 15, 16, 17, 18]",2,12,5,global_pose_failure,hard,global_pose_failure,reject,max_clash_depth_exceeds_threshold,,,,True,True,True,True,True,True,0,MMFF,925255351893.3932,925255351961.385,67.9918212890625,True,record_only,0.0,0.0,1.4131176471710205,0.4,0.4,4,3,2.9881095003493243,1.5536350011825562,1.0,1.0,0,0,3,2.9881095003493243,1.5536350011825562,R2,R2,1.0,1.0,single_rgroup_clash,local_rgroup_repair,"[{""region"": ""R2"", ""score"": 1.1293992325933977}]",A:185::THR,target_severe,target_severe,target_severe,samples/case_001539.pkl,ligands/case_001539_original.sdf,ligands/case_001539_failed.sdf
case_001647,complex_crossdocked_000034,complex_crossdocked_000034,train,train,SMYD2_HUMAN_2_433_0,SMYD2_HUMAN_2_433_0,crossdocked_subset,torsion_perturb,complex_crossdocked_000034:R3:torsion_perturb:240.0,20260510,240.0,"[13, 14]","[[0.12769638, 0.15563299, -0.9795264, 0.0], [0.99084949, 0.02351031, 0.13290797, 0.0], [0.04371383, -0.98753512, -0.15120669, 0.0], [0.0, 0.0, 0.0, 1.0]]",R3,"[13, 14, 15, 16, 17, 18, 19]",2,13,5,global_pose_failure,hard,global_pose_failure,reject,max_clash_depth_exceeds_threshold,,,,True,True,True,True,True,True,0,MMFF,925006539986.4451,925006540046.9756,60.530517578125,True,record_only,0.0,0.0,1.4965301752090454,0.4,0.4,4,3,2.8666945279032348,1.5164666175842285,1.0,1.0,0,0,3,2.8666945279032348,1.5164666175842285,R3,R3,1.0,1.0,single_rgroup_clash,local_rgroup_repair,"[{""region"": ""R3"", ""score"": 1.0835086865173815}]",A:185::THR,target_severe,target_severe,target_severe,samples/case_001647.pkl,ligands/case_001647_original.sdf,ligands/case_001647_failed.sdf
