case_id,base_sample_id,base_complex_id,base_split,derived_split,split_group,target_id,source_dataset,injection_mode,attempt_id,seed,rotation_angle_deg,rotation_axis_atom_pair,transform_matrix,target_rgroup,target_atom_indices,anchor_scaffold_atom_idx,anchor_rgroup_atom_idx,anchor_bond_idx,oracle_split,difficulty_bin,difficulty_reason,acceptance_status,reject_reason,unsupported_reason,invalid_reason,duplicate_of,ligand_valid,rdkit_sanitize_ok,rotatable_bond_valid,anchor_integrity_pass,bond_length_valid,chirality_preserved,ligand_internal_severe_clash_count,forcefield_type,energy_original,energy_failed,energy_delta,energy_delta_pass,energy_check_status,scaffold_rmsd,non_target_rgroup_rmsd,target_rgroup_rmsd,delta_angstrom,severe_depth_threshold_angstrom,target_num_clash_pairs,target_num_severe_pairs,target_total_score,target_max_depth,target_score_ratio_valid,target_score_ratio_all,non_target_num_severe_pairs,scaffold_num_severe_pairs,num_total_severe_pairs,total_clash_score,max_clash_depth,predicted_dominant_region_all,predicted_dominant_valid_rgroup,dominant_ratio_all_regions,dominant_ratio_valid_rgroups,failure_type,recommended_action,top_valid_rgroups_json,top_clash_residue,delta03_status,delta04_status,delta05_status,sample_path,original_ligand_sdf,failed_ligand_sdf
case_000041,complex_crossdocked_000002,complex_crossdocked_000002,test,test,CDGT2_BACCI_28_713_0,CDGT2_BACCI_28_713_0,crossdocked_subset,easy_rotation,complex_crossdocked_000002:R4:easy_rotation:300.0,20260510,300.0,"[5, 10]","[[0.5006687, -0.79640836, 0.33921164, 0.0], [0.78138071, 0.58442825, 0.21883288, 0.0], [-0.37252522, 0.15549065, 0.91490304, 0.0], [0.0, 0.0, 0.0, 1.0]]",R4,"[10, 11]",5,10,9,supported_single_rgroup,easy,high_target_ratio_and_moderate_depth,accepted,,,,,True,True,True,True,True,True,0,MMFF,602.5170627000748,602.0470931072898,-0.4699695927849916,True,record_only,0.0,0.0,0.9459435939788818,0.4,0.4,1,1,0.28729550314352537,0.5359995365142822,1.0,1.0,0,0,1,0.28729550314352537,0.5359995365142822,R4,R4,1.0,1.0,single_rgroup_clash,local_rgroup_repair,"[{""region"": ""R4"", ""score"": 0.20314859847718786}]",A:446::GLY,target_severe,target_severe,target_severe,samples/case_000041.pkl,ligands/case_000041_original.sdf,ligands/case_000041_failed.sdf
case_000048,complex_crossdocked_000002,complex_crossdocked_000002,test,test,CDGT2_BACCI_28_713_0,CDGT2_BACCI_28_713_0,crossdocked_subset,directed_clash,complex_crossdocked_000002:R4:directed_clash:330.0,20260510,330.0,"[5, 10]","[[0.86620456, -0.4574818, 0.20099756, 0.0], [0.45345515, 0.88864785, 0.06843517, 0.0], [-0.20992389, 0.03186452, 0.97719836, 0.0], [0.0, 0.0, 0.0, 1.0]]",R4,"[10, 11]",5,10,9,supported_single_rgroup,easy,high_target_ratio_and_moderate_depth,accepted,,,,,True,True,True,True,True,True,0,MMFF,602.5170627000748,600.9914089911067,-1.5256537089680933,True,record_only,0.0,0.0,0.4896564781665802,0.4,0.4,1,1,0.17590853980800603,0.4194145202636719,1.0,1.0,0,0,1,0.17590853980800603,0.4194145202636719,R4,R4,1.0,1.0,single_rgroup_clash,local_rgroup_repair,"[{""region"": ""R4"", ""score"": 0.12438612136686479}]",A:446::GLY,target_severe,target_severe,no_target_severe,samples/case_000048.pkl,ligands/case_000048_original.sdf,ligands/case_000048_failed.sdf
case_000059,complex_crossdocked_000002,complex_crossdocked_000002,test,test,CDGT2_BACCI_28_713_0,CDGT2_BACCI_28_713_0,crossdocked_subset,easy_rotation,complex_crossdocked_000002:R8:easy_rotation:300.0,20260510,300.0,"[16, 21]","[[0.50003678, -0.75495911, 0.42426401, 0.0], [0.7591238, 0.61788869, 0.20480378, 0.0], [-0.41676641, 0.21965949, 0.88207453, 0.0], [0.0, 0.0, 0.0, 1.0]]",R8,"[21, 22]",16,21,21,supported_single_rgroup,easy,high_target_ratio_and_moderate_depth,accepted,,,,,True,True,True,True,True,True,0,MMFF,602.5170627000748,608.3638359462796,5.846773246204748,True,record_only,0.0,0.0,0.9424552321434021,0.4,0.4,1,1,0.2604687923235929,0.5103614330291748,1.0,1.0,0,0,1,0.2604687923235929,0.5103614330291748,R8,R8,1.0,1.0,single_rgroup_clash,local_rgroup_repair,"[{""region"": ""R8"", ""score"": 0.18417924933948307}]",A:445::SER,target_severe,target_severe,target_severe,samples/case_000059.pkl,ligands/case_000059_original.sdf,ligands/case_000059_failed.sdf
case_000095,complex_crossdocked_000003,complex_crossdocked_000003,test,test,CDGT2_BACCI_28_713_0,CDGT2_BACCI_28_713_0,crossdocked_subset,easy_rotation,complex_crossdocked_000003:R8:easy_rotation:300.0,20260510,300.0,"[16, 21]","[[0.50036639, -0.74633807, 0.43887696, 0.0], [0.75968808, 0.62161452, 0.19096971, 0.0], [-0.41534024, 0.23785478, 0.87801909, 0.0], [0.0, 0.0, 0.0, 1.0]]",R8,"[21, 22]",16,21,21,supported_single_rgroup,easy,high_target_ratio_and_moderate_depth,accepted,,,,,True,True,True,True,True,True,0,MMFF,604.2674288242501,610.1086636335302,5.841234809280081,True,record_only,0.0,0.0,0.9416689872741699,0.4,0.4,1,1,0.43406331348946026,0.6588348150253296,1.0,1.0,0,0,1,0.43406331348946026,0.6588348150253296,R8,R8,1.0,1.0,single_rgroup_clash,local_rgroup_repair,"[{""region"": ""R8"", ""score"": 0.30692911243269955}]",A:445::SER,target_severe,target_severe,target_severe,samples/case_000095.pkl,ligands/case_000095_original.sdf,ligands/case_000095_failed.sdf
case_000102,complex_crossdocked_000003,complex_crossdocked_000003,test,test,CDGT2_BACCI_28_713_0,CDGT2_BACCI_28_713_0,crossdocked_subset,directed_clash,complex_crossdocked_000003:R8:directed_clash:270.0,20260510,270.0,"[16, 21]","[[0.00073274, -0.85615456, 0.51671928, 0.0], [0.88285458, 0.24322902, 0.40175539, 0.0], [-0.46964583, 0.45589361, 0.75603825, 0.0], [0.0, 0.0, 0.0, 1.0]]",R8,"[21, 22]",16,21,21,supported_single_rgroup,easy,high_target_ratio_and_moderate_depth,accepted,,,,,True,True,True,True,True,True,0,MMFF,604.2674288242501,610.316121664601,6.0486928403508955,True,record_only,0.0,0.0,1.3317214250564575,0.4,0.4,1,1,0.1799814935339441,0.4242422580718994,1.0,1.0,0,0,1,0.1799814935339441,0.4242422580718994,R8,R8,1.0,1.0,single_rgroup_clash,local_rgroup_repair,"[{""region"": ""R8"", ""score"": 0.12726613456593464}]",A:445::SER,target_severe,target_severe,no_target_severe,samples/case_000102.pkl,ligands/case_000102_original.sdf,ligands/case_000102_failed.sdf
case_000109,complex_crossdocked_000004,complex_crossdocked_000004,test,test,CDGT2_BACCI_28_713_0,CDGT2_BACCI_28_713_0,crossdocked_subset,easy_rotation,complex_crossdocked_000004:R4:easy_rotation:60.0,20260510,60.0,"[5, 10]","[[0.96092021, 0.1538993, -0.2301029, 0.0], [0.11359166, 0.538809, 0.83473456, 0.0], [0.25244656, -0.82825106, 0.50027078, 0.0], [0.0, 0.0, 0.0, 1.0]]",R4,"[10, 11]",5,10,9,supported_single_rgroup,easy,high_target_ratio_and_moderate_depth,accepted,,,,,True,True,True,True,True,True,0,MMFF,609.3475443457789,606.3816959332635,-2.96584841251547,True,record_only,0.0,0.0,0.9452579617500305,0.4,0.4,2,1,0.4189277506577582,0.6329827308654785,1.0,1.0,0,0,1,0.4189277506577582,0.6329827308654785,R4,R4,1.0,1.0,single_rgroup_clash,local_rgroup_repair,"[{""region"": ""R4"", ""score"": 0.29622665331732795}]",A:627::ASN,target_severe,target_severe,target_severe,samples/case_000109.pkl,ligands/case_000109_original.sdf,ligands/case_000109_failed.sdf
case_000120,complex_crossdocked_000004,complex_crossdocked_000004,test,test,CDGT2_BACCI_28_713_0,CDGT2_BACCI_28_713_0,crossdocked_subset,directed_clash,complex_crossdocked_000004:R4:directed_clash:90.0,20260510,90.0,"[5, 10]","[[0.92184043, 0.29076257, -0.2562564, 0.0], [0.24421932, 0.077618, 0.9666087, 0.0], [0.30094373, -0.95364171, 0.00054157, 0.0], [0.0, 0.0, 0.0, 1.0]]",R4,"[10, 11]",5,10,9,supported_single_rgroup,easy,high_target_ratio_and_moderate_depth,accepted,,,,,True,True,True,True,True,True,0,MMFF,609.3475443457789,605.38842940126,-3.9591149445188876,True,record_only,0.0,0.0,1.336796760559082,0.4,0.4,1,1,0.20926173170323636,0.45745134353637695,1.0,1.0,0,0,1,0.20926173170323636,0.45745134353637695,R4,R4,1.0,1.0,single_rgroup_clash,local_rgroup_repair,"[{""region"": ""R4"", ""score"": 0.14797038953019837}]",A:627::ASN,target_severe,target_severe,no_target_severe,samples/case_000120.pkl,ligands/case_000120_original.sdf,ligands/case_000120_failed.sdf
case_000163,complex_crossdocked_000005,complex_crossdocked_000005,test,test,CDGT2_BACCI_28_713_0,CDGT2_BACCI_28_713_0,crossdocked_subset,easy_rotation,complex_crossdocked_000005:R8:easy_rotation:60.0,20260510,60.0,"[16, 21]","[[0.51361036, 0.84842855, 0.12795849, 0.0], [-0.80901223, 0.52853799, -0.25719017, 0.0], [-0.2858384, 0.02857554, 0.95785171, 0.0], [0.0, 0.0, 0.0, 1.0]]",R8,"[21, 22]",16,21,21,supported_single_rgroup,easy,high_target_ratio_and_moderate_depth,accepted,,,,,True,True,True,True,True,True,0,MMFF,606.0443071452047,601.2115745753449,-4.832732569859786,True,record_only,0.0,0.0,0.9412034153938293,0.4,0.4,1,1,0.23040482485436087,0.48000502586364746,1.0,1.0,0,0,1,0.23040482485436087,0.48000502586364746,R8,R8,1.0,1.0,single_rgroup_clash,local_rgroup_repair,"[{""region"": ""R8"", ""score"": 0.16292081407261735}]",A:446::GLY,target_severe,target_severe,no_target_severe,samples/case_000163.pkl,ligands/case_000163_original.sdf,ligands/case_000163_failed.sdf
case_000202,complex_crossdocked_000006,complex_crossdocked_000006,test,test,CDGT2_BACCI_28_713_0,CDGT2_BACCI_28_713_0,crossdocked_subset,easy_rotation,complex_crossdocked_000006:R8:easy_rotation:240.0,20260510,240.0,"[16, 21]","[[-0.49252576, -0.86820358, -0.06034004, 0.0], [0.85716677, -0.49592564, 0.13900691, 0.0], [-0.15061046, 0.01674301, 0.98845142, 0.0], [0.0, 0.0, 0.0, 1.0]]",R8,"[21, 22]",16,21,21,supported_single_rgroup,easy,high_target_ratio_and_moderate_depth,accepted,,,,,True,True,True,True,True,True,0,MMFF,605.870558138844,611.6092821048934,5.738723966049406,True,record_only,0.0,0.0,1.6305345296859741,0.4,0.4,1,1,0.39577591547237034,0.6291072368621826,1.0,1.0,0,0,1,0.39577591547237034,0.6291072368621826,R8,R8,1.0,1.0,single_rgroup_clash,local_rgroup_repair,"[{""region"": ""R8"", ""score"": 0.2798558336608269}]",A:446::GLY,target_severe,target_severe,target_severe,samples/case_000202.pkl,ligands/case_000202_original.sdf,ligands/case_000202_failed.sdf
case_000210,complex_crossdocked_000006,complex_crossdocked_000006,test,test,CDGT2_BACCI_28_713_0,CDGT2_BACCI_28_713_0,crossdocked_subset,directed_clash,complex_crossdocked_000006:R8:directed_clash:270.0,20260510,270.0,"[16, 21]","[[0.00498282, -0.99982196, -0.01819918, 0.0], [0.99246407, 0.00271625, 0.12250574, 0.0], [-0.12243449, -0.01867246, 0.99230093, 0.0], [0.0, 0.0, 0.0, 1.0]]",R8,"[21, 22]",16,21,21,supported_single_rgroup,easy,high_target_ratio_and_moderate_depth,accepted,,,,,True,True,True,True,True,True,0,MMFF,605.870558138844,609.6981856907714,3.827627551927435,True,record_only,0.0,0.0,1.3313250541687012,0.4,0.4,2,1,0.3985213841389168,0.5923292636871338,1.0,1.0,0,0,1,0.3985213841389168,0.5923292636871338,R8,R8,1.0,1.0,single_rgroup_clash,local_rgroup_repair,"[{""region"": ""R8"", ""score"": 0.2817971731724771}]",A:446::GLY,target_severe,target_severe,target_severe,samples/case_000210.pkl,ligands/case_000210_original.sdf,ligands/case_000210_failed.sdf
case_000227,complex_crossdocked_000007,complex_crossdocked_000007,test,test,CDGT2_BACCI_28_713_0,CDGT2_BACCI_28_713_0,crossdocked_subset,directed_clash,complex_crossdocked_000007:R4:directed_clash:90.0,20260510,90.0,"[5, 10]","[[0.30845243, 0.55952811, -0.7692759, 0.0], [0.35732913, 0.68132645, 0.63883495, 0.0], [0.88157415, -0.47193488, 0.01022111, 0.0], [0.0, 0.0, 0.0, 1.0]]",R4,"[10, 11]",5,10,9,supported_single_rgroup,easy,high_target_ratio_and_moderate_depth,accepted,,,,,True,True,True,True,True,True,0,MMFF,606.6319925367058,612.9649641212545,6.332971584548773,True,record_only,0.0,0.0,1.337733268737793,0.4,0.4,2,1,0.3154161590446165,0.48485469818115234,1.0,1.0,0,0,1,0.3154161590446165,0.48485469818115234,R4,R4,1.0,1.0,single_rgroup_clash,local_rgroup_repair,"[{""region"": ""R4"", ""score"": 0.2230329049562629}]",A:448::VAL,target_severe,target_severe,no_target_severe,samples/case_000227.pkl,ligands/case_000227_original.sdf,ligands/case_000227_failed.sdf
case_000238,complex_crossdocked_000007,complex_crossdocked_000007,test,test,CDGT2_BACCI_28_713_0,CDGT2_BACCI_28_713_0,crossdocked_subset,easy_rotation,complex_crossdocked_000007:R8:easy_rotation:240.0,20260510,240.0,"[16, 21]","[[-0.28525895, -0.54835927, 0.78608489, 0.0], [0.93961889, -0.32178056, 0.11650568, 0.0], [0.18905987, 0.77185452, 0.60703951, 0.0], [0.0, 0.0, 0.0, 1.0]]",R8,"[21, 22]",16,21,21,supported_single_rgroup,easy,high_target_ratio_and_moderate_depth,accepted,,,,,True,True,True,True,True,True,0,MMFF,606.6319925367058,621.1582534015348,14.526260864829055,True,record_only,0.0,0.0,1.6300824880599976,0.4,0.4,1,1,0.33748796892774635,0.5809371471405029,1.0,1.0,0,0,1,0.33748796892774635,0.5809371471405029,R8,R8,1.0,1.0,single_rgroup_clash,local_rgroup_repair,"[{""region"": ""R8"", ""score"": 0.23864003139768428}]",A:413::TRP,target_severe,target_severe,target_severe,samples/case_000238.pkl,ligands/case_000238_original.sdf,ligands/case_000238_failed.sdf
case_000239,complex_crossdocked_000007,complex_crossdocked_000007,test,test,CDGT2_BACCI_28_713_0,CDGT2_BACCI_28_713_0,crossdocked_subset,easy_rotation,complex_crossdocked_000007:R8:easy_rotation:300.0,20260510,300.0,"[16, 21]","[[0.57158035, -0.67877913, 0.46103662, 0.0], [0.80919904, 0.55940646, -0.17961438, 0.0], [-0.13598838, 0.47573444, 0.86901319, 0.0], [0.0, 0.0, 0.0, 1.0]]",R8,"[21, 22]",16,21,21,supported_single_rgroup,easy,high_target_ratio_and_moderate_depth,accepted,,,,,True,True,True,True,True,True,0,MMFF,606.6319925367058,648.0190987865938,41.38710624988801,True,record_only,0.0,0.0,0.9411294460296631,0.4,0.4,2,2,0.6863291559546383,0.6840870380401611,1.0,1.0,0,0,2,0.6863291559546383,0.6840870380401611,R8,R8,1.0,1.0,single_rgroup_clash,local_rgroup_repair,"[{""region"": ""R8"", ""score"": 0.48530800030156424}]",A:413::TRP,target_severe,target_severe,target_severe,samples/case_000239.pkl,ligands/case_000239_original.sdf,ligands/case_000239_failed.sdf
case_000245,complex_crossdocked_000007,complex_crossdocked_000007,test,test,CDGT2_BACCI_28_713_0,CDGT2_BACCI_28_713_0,crossdocked_subset,directed_clash,complex_crossdocked_000007:R8:directed_clash:270.0,20260510,270.0,"[16, 21]","[[0.1431607, -0.7286647, 0.6697408, 0.0], [0.98950446, 0.11881296, -0.08224576, 0.0], [-0.0196443, 0.67448586, 0.73802632, 0.0], [0.0, 0.0, 0.0, 1.0]]",R8,"[21, 22]",16,21,21,supported_single_rgroup,medium,supported_with_moderate_ambiguity_or_depth,accepted,,,,,True,True,True,True,True,True,0,MMFF,606.6319925367058,624.4482559485004,17.816263411794694,True,record_only,0.0,0.0,1.3309569358825684,0.4,0.4,3,1,0.8962722574712529,0.9067428112030029,1.0,1.0,0,0,1,0.8962722574712529,0.9067428112030029,R8,R8,1.0,1.0,single_rgroup_clash,local_rgroup_repair,"[{""region"": ""R8"", ""score"": 0.6337601910472982}]",A:413::TRP,target_severe,target_severe,target_severe,samples/case_000245.pkl,ligands/case_000245_original.sdf,ligands/case_000245_failed.sdf
case_000310,complex_crossdocked_000009,complex_crossdocked_000009,test,test,CDGT2_BACCI_28_713_0,CDGT2_BACCI_28_713_0,crossdocked_subset,easy_rotation,complex_crossdocked_000009:R8:easy_rotation:240.0,20260510,240.0,"[16, 21]","[[-0.49994704, -0.86443764, 0.05292021, 0.0], [0.86534375, -0.49612477, 0.07099566, 0.0], [-0.03511629, 0.08128824, 0.99607182, 0.0], [0.0, 0.0, 0.0, 1.0]]",R8,"[21, 22]",16,21,21,supported_single_rgroup,easy,high_target_ratio_and_moderate_depth,accepted,,,,,True,True,True,True,True,True,0,MMFF,604.7275844466097,609.5792620064337,4.851677559823997,True,record_only,0.0,0.0,1.6320786476135254,0.4,0.4,2,1,0.20533001663631012,0.40374279022216797,1.0,1.0,0,0,1,0.20533001663631012,0.40374279022216797,R8,R8,1.0,1.0,single_rgroup_clash,local_rgroup_repair,"[{""region"": ""R8"", ""score"": 0.14519024714468148}]",A:446::GLY,target_severe,target_severe,no_target_severe,samples/case_000310.pkl,ligands/case_000310_original.sdf,ligands/case_000310_failed.sdf
case_000329,complex_crossdocked_000010,complex_crossdocked_000010,test,test,CDGT2_BACCI_28_713_0,CDGT2_BACCI_28_713_0,crossdocked_subset,easy_rotation,complex_crossdocked_000010:R4:easy_rotation:300.0,20260510,300.0,"[5, 10]","[[0.50385106, -0.79989272, 0.3260456, 0.0], [0.76283962, 0.58912688, 0.26646811, 0.0], [-0.40522814, 0.11446025, 0.90702206, 0.0], [0.0, 0.0, 0.0, 1.0]]",R4,"[10, 11]",5,10,9,supported_single_rgroup,easy,high_target_ratio_and_moderate_depth,accepted,,,,,True,True,True,True,True,True,0,MMFF,603.5932072375922,602.9199798080174,-0.6732274295748084,True,record_only,0.0,0.0,0.9456295371055603,0.4,0.4,1,1,0.2889302401754321,0.5375223159790039,1.0,1.0,0,0,1,0.2889302401754321,0.5375223159790039,R4,R4,1.0,1.0,single_rgroup_clash,local_rgroup_repair,"[{""region"": ""R4"", ""score"": 0.2043045321179059}]",A:446::GLY,target_severe,target_severe,target_severe,samples/case_000329.pkl,ligands/case_000329_original.sdf,ligands/case_000329_failed.sdf
case_000347,complex_crossdocked_000010,complex_crossdocked_000010,test,test,CDGT2_BACCI_28_713_0,CDGT2_BACCI_28_713_0,crossdocked_subset,easy_rotation,complex_crossdocked_000010:R8:easy_rotation:300.0,20260510,300.0,"[16, 21]","[[0.5005011, -0.76039773, 0.41387674, 0.0], [0.77501398, 0.60658407, 0.1772262, 0.0], [-0.38581344, 0.23205836, 0.89291483, 0.0], [0.0, 0.0, 0.0, 1.0]]",R8,"[21, 22]",16,21,21,supported_single_rgroup,easy,high_target_ratio_and_moderate_depth,accepted,,,,,True,True,True,True,True,True,0,MMFF,603.5932072375922,609.3181798642227,5.724972626630461,True,record_only,0.0,0.0,0.941969633102417,0.4,0.4,1,1,0.3716331711075327,0.6096172332763672,1.0,1.0,0,0,1,0.3716331711075327,0.6096172332763672,R8,R8,1.0,1.0,single_rgroup_clash,local_rgroup_repair,"[{""region"": ""R8"", ""score"": 0.26278433540399687}]",A:445::SER,target_severe,target_severe,target_severe,samples/case_000347.pkl,ligands/case_000347_original.sdf,ligands/case_000347_failed.sdf
case_000365,complex_crossdocked_000011,complex_crossdocked_000011,test,test,CDGT2_BACCI_28_713_0,CDGT2_BACCI_28_713_0,crossdocked_subset,easy_rotation,complex_crossdocked_000011:R4:easy_rotation:300.0,20260510,300.0,"[5, 10]","[[0.50654882, -0.86017996, -0.05915002, 0.0], [0.86048442, 0.50000352, 0.09779096, 0.0], [-0.0545426, -0.10043357, 0.99344766, 0.0], [0.0, 0.0, 0.0, 1.0]]",R4,"[10, 11]",5,10,9,supported_single_rgroup,easy,high_target_ratio_and_moderate_depth,accepted,,,,,True,True,True,True,True,True,0,MMFF,602.0251375681263,606.1211891011201,4.096051532993783,True,record_only,0.0,0.0,0.9462041854858398,0.4,0.4,1,1,0.18941769629924465,0.43522143363952637,1.0,1.0,0,0,1,0.18941769629924465,0.43522143363952637,R4,R4,1.0,1.0,single_rgroup_clash,local_rgroup_repair,"[{""region"": ""R4"", ""score"": 0.1339385375299299}]",A:448::VAL,target_severe,target_severe,no_target_severe,samples/case_000365.pkl,ligands/case_000365_original.sdf,ligands/case_000365_failed.sdf
case_000372,complex_crossdocked_000011,complex_crossdocked_000011,test,test,CDGT2_BACCI_28_713_0,CDGT2_BACCI_28_713_0,crossdocked_subset,directed_clash,complex_crossdocked_000011:R4:directed_clash:270.0,20260510,270.0,"[5, 10]","[[0.01309766, -0.99312156, -0.11635272, 0.0], [0.99373049, 7.08e-06, 0.11180238, 0.0], [-0.11103253, -0.1170876, 0.98689526, 0.0], [0.0, 0.0, 0.0, 1.0]]",R4,"[10, 11]",5,10,9,supported_single_rgroup,easy,high_target_ratio_and_moderate_depth,accepted,,,,,True,True,True,True,True,True,0,MMFF,602.0251375681263,606.5048104065371,4.479672838410806,True,record_only,0.0,0.0,1.3381317853927612,0.4,0.4,1,1,0.1733158626166187,0.41631221771240234,1.0,1.0,0,0,1,0.1733158626166187,0.41631221771240234,R4,R4,1.0,1.0,single_rgroup_clash,local_rgroup_repair,"[{""region"": ""R4"", ""score"": 0.12255282174340712}]",A:448::VAL,target_severe,target_severe,no_target_severe,samples/case_000372.pkl,ligands/case_000372_original.sdf,ligands/case_000372_failed.sdf
case_000382,complex_crossdocked_000011,complex_crossdocked_000011,test,test,CDGT2_BACCI_28_713_0,CDGT2_BACCI_28_713_0,crossdocked_subset,easy_rotation,complex_crossdocked_000011:R8:easy_rotation:240.0,20260510,240.0,"[16, 21]","[[-0.49855831, -0.86645925, 0.02622902, 0.0], [0.85866821, -0.48947412, 0.15199991, 0.0], [-0.11886329, 0.09830284, 0.9880324, 0.0], [0.0, 0.0, 0.0, 1.0]]",R8,"[21, 22]",16,21,21,supported_single_rgroup,easy,high_target_ratio_and_moderate_depth,accepted,,,,,True,True,True,True,True,True,0,MMFF,602.0251375681263,606.7626574762743,4.737519908147988,True,record_only,0.0,0.0,1.6306986808776855,0.4,0.4,2,1,0.27309546210494773,0.4984402656555176,1.0,1.0,0,0,1,0.27309546210494773,0.4984402656555176,R8,R8,1.0,1.0,single_rgroup_clash,local_rgroup_repair,"[{""region"": ""R8"", ""score"": 0.19310765316568235}]",A:446::GLY,target_severe,target_severe,no_target_severe,samples/case_000382.pkl,ligands/case_000382_original.sdf,ligands/case_000382_failed.sdf
case_000469,complex_crossdocked_000014,complex_crossdocked_000014,test,test,CDGT2_BACCI_28_713_0,CDGT2_BACCI_28_713_0,crossdocked_subset,easy_rotation,complex_crossdocked_000014:R4:easy_rotation:60.0,20260510,60.0,"[5, 10]","[[0.95809293, 0.16480143, -0.23430417, 0.0], [0.11068923, 0.54141903, 0.83343464, 0.0], [0.26420796, -0.8244428, 0.50048804, 0.0], [0.0, 0.0, 0.0, 1.0]]",R4,"[10, 11]",5,10,9,supported_single_rgroup,easy,high_target_ratio_and_moderate_depth,accepted,,,,,True,True,True,True,True,True,0,MMFF,608.9467040526745,606.4827657161225,-2.463938336552019,True,record_only,0.0,0.0,0.9455286264419556,0.4,0.4,3,1,0.38581201611606275,0.5898377895355225,1.0,1.0,0,0,1,0.38581201611606275,0.5898377895355225,R4,R4,1.0,1.0,single_rgroup_clash,local_rgroup_repair,"[{""region"": ""R4"", ""score"": 0.2728102928589215}]",A:627::ASN,target_severe,target_severe,target_severe,samples/case_000469.pkl,ligands/case_000469_original.sdf,ligands/case_000469_failed.sdf
case_000480,complex_crossdocked_000014,complex_crossdocked_000014,test,test,CDGT2_BACCI_28_713_0,CDGT2_BACCI_28_713_0,crossdocked_subset,directed_clash,complex_crossdocked_000014:R4:directed_clash:90.0,20260510,90.0,"[5, 10]","[[0.91618586, 0.30673236, -0.25791231, 0.0], [0.24424897, 0.08283812, 0.96616781, 0.0], [0.31771991, -0.94818413, 0.00097604, 0.0], [0.0, 0.0, 0.0, 1.0]]",R4,"[10, 11]",5,10,9,supported_single_rgroup,easy,high_target_ratio_and_moderate_depth,accepted,,,,,True,True,True,True,True,True,0,MMFF,608.9467040526745,604.9815975258036,-3.9651065268708408,True,record_only,0.0,0.0,1.337178349494934,0.4,0.4,1,1,0.30083845521909325,0.5484874248504639,1.0,1.0,0,0,1,0.30083845521909325,0.5484874248504639,R4,R4,1.0,1.0,single_rgroup_clash,local_rgroup_repair,"[{""region"": ""R4"", ""score"": 0.21272491172710634}]",A:627::ASN,target_severe,target_severe,target_severe,samples/case_000480.pkl,ligands/case_000480_original.sdf,ligands/case_000480_failed.sdf
case_000509,complex_crossdocked_000015,complex_crossdocked_000015,test,test,CDGT2_BACCI_28_713_0,CDGT2_BACCI_28_713_0,crossdocked_subset,easy_rotation,complex_crossdocked_000015:R4:easy_rotation:300.0,20260510,300.0,"[5, 10]","[[0.96434844, 0.11698585, 0.23737398, 0.0], [0.14002518, 0.53556311, -0.83280557, 0.0], [-0.22455521, 0.83635306, 0.50008845, 0.0], [0.0, 0.0, 0.0, 1.0]]",R4,"[10, 11]",5,10,9,supported_single_rgroup,easy,high_target_ratio_and_moderate_depth,accepted,,,,,True,True,True,True,True,True,0,MMFF,606.5057481713432,607.0070905878498,0.5013424165066453,True,record_only,0.0,0.0,0.9454444646835327,0.4,0.4,1,1,0.18044362808814185,0.4247865676879883,1.0,1.0,0,0,1,0.18044362808814185,0.4247865676879883,R4,R4,1.0,1.0,single_rgroup_clash,local_rgroup_repair,"[{""region"": ""R4"", ""score"": 0.12759291304302847}]",A:627::ASN,target_severe,target_severe,no_target_severe,samples/case_000509.pkl,ligands/case_000509_original.sdf,ligands/case_000509_failed.sdf
case_000545,complex_crossdocked_000016,complex_crossdocked_000016,test,test,CDGT2_BACCI_28_713_0,CDGT2_BACCI_28_713_0,crossdocked_subset,easy_rotation,complex_crossdocked_000016:R4:easy_rotation:300.0,20260510,300.0,"[5, 10]","[[0.97557467, 0.14055116, 0.16881788, 0.0], [0.07146555, 0.5236299, -0.84894311, 0.0], [-0.20771803, 0.84027207, 0.50079548, 0.0], [0.0, 0.0, 0.0, 1.0]]",R4,"[10, 11]",5,10,9,supported_single_rgroup,easy,high_target_ratio_and_moderate_depth,accepted,,,,,True,True,True,True,True,True,0,MMFF,606.9551253102011,607.5990356522768,0.6439103420757419,True,record_only,0.0,0.0,0.9453513026237488,0.4,0.4,1,1,0.4246548066976743,0.6516554355621338,1.0,1.0,0,0,1,0.4246548066976743,0.6516554355621338,R4,R4,1.0,1.0,single_rgroup_clash,local_rgroup_repair,"[{""region"": ""R4"", ""score"": 0.300276293479388}]",A:627::ASN,target_severe,target_severe,target_severe,samples/case_000545.pkl,ligands/case_000545_original.sdf,ligands/case_000545_failed.sdf
case_000552,complex_crossdocked_000016,complex_crossdocked_000016,test,test,CDGT2_BACCI_28_713_0,CDGT2_BACCI_28_713_0,crossdocked_subset,directed_clash,complex_crossdocked_000016:R4:directed_clash:330.0,20260510,330.0,"[5, 10]","[[0.99345523, 0.04834815, 0.10348492, 0.0], [0.00846156, 0.87235701, -0.48879611, 0.0], [-0.11390818, 0.48647273, 0.86623853, 0.0], [0.0, 0.0, 0.0, 1.0]]",R4,"[10, 11]",5,10,9,supported_single_rgroup,easy,high_target_ratio_and_moderate_depth,accepted,,,,,True,True,True,True,True,True,0,MMFF,606.9551253102011,605.6934581542032,-1.261667155997884,True,record_only,0.0,0.0,0.4893498718738556,0.4,0.4,1,1,0.2076424270571806,0.45567798614501953,1.0,1.0,0,0,1,0.2076424270571806,0.45567798614501953,R4,R4,1.0,1.0,single_rgroup_clash,local_rgroup_repair,"[{""region"": ""R4"", ""score"": 0.14682536823416545}]",A:627::ASN,target_severe,target_severe,no_target_severe,samples/case_000552.pkl,ligands/case_000552_original.sdf,ligands/case_000552_failed.sdf
case_000667,complex_crossdocked_000018,complex_crossdocked_000018,train,train,RARA_HUMAN_173_420_0,RARA_HUMAN_173_420_0,crossdocked_subset,easy_rotation,complex_crossdocked_000018:R3:easy_rotation:60.0,20260510,60.0,"[29, 33]","[[0.61398685, 0.15157789, -0.77462524, 0.0], [-0.52708006, 0.80925041, -0.2594232, 0.0], [0.58754295, 0.567572, 0.5767628, 0.0], [0.0, 0.0, 0.0, 1.0]]",R3,"[30, 31, 32, 33]",29,33,33,supported_single_rgroup,medium,supported_with_moderate_ambiguity_or_depth,accepted,,,,,True,True,True,True,True,True,0,MMFF,53417904475.30941,52729322066.444435,-688582408.864975,True,record_only,0.0,0.0,1.3058514595031738,0.4,0.4,3,1,1.3072741132603483,1.0247688293457031,1.0,0.9364222651861326,0,0,1,1.3960305749463373,1.0247688293457031,R3,R3,0.9724657216327961,1.0,single_rgroup_clash,local_rgroup_repair,"[{""region"": ""R3"", ""score"": 0.6536370566301741}]",B:410::ILE,target_severe,target_severe,target_severe,samples/case_000667.pkl,ligands/case_000667_original.sdf,ligands/case_000667_failed.sdf
case_000669,complex_crossdocked_000018,complex_crossdocked_000018,train,train,RARA_HUMAN_173_420_0,RARA_HUMAN_173_420_0,crossdocked_subset,easy_rotation,complex_crossdocked_000018:R3:easy_rotation:180.0,20260510,180.0,"[29, 33]","[[-0.54405266, -0.7510044, -0.37416458, 0.0], [-0.7510044, 0.23700154, 0.61629754, 0.0], [-0.37416458, 0.61629754, -0.69294888, 0.0], [0.0, 0.0, 0.0, 1.0]]",R3,"[30, 31, 32, 33]",29,33,33,supported_single_rgroup,medium,supported_with_moderate_ambiguity_or_depth,accepted,,,,,True,True,True,True,True,True,0,MMFF,53417904475.30941,51396007841.877815,-2021896633.4315948,True,record_only,0.0,0.0,2.611703872680664,0.4,0.4,3,2,2.3790289603004453,1.4662439823150635,1.0,0.9640339630442647,0,0,2,2.4677854219864344,1.4662439823150635,R3,R3,0.9846799068710388,1.0,single_rgroup_clash,local_rgroup_repair,"[{""region"": ""R3"", ""score"": 1.1895144801502227}]",B:410::ILE,target_severe,target_severe,target_severe,samples/case_000669.pkl,ligands/case_000669_original.sdf,ligands/case_000669_failed.sdf
case_000670,complex_crossdocked_000018,complex_crossdocked_000018,train,train,RARA_HUMAN_173_420_0,RARA_HUMAN_173_420_0,crossdocked_subset,easy_rotation,complex_crossdocked_000018:R3:easy_rotation:240.0,20260510,240.0,"[29, 33]","[[-0.15803948, -0.90258229, 0.40046069, 0.0], [-0.22392431, 0.42775115, 0.87572074, 0.0], [-0.96170753, 0.04872558, -0.26971167, 0.0], [0.0, 0.0, 0.0, 1.0]]",R3,"[30, 31, 32, 33]",29,33,33,supported_single_rgroup,easy,high_target_ratio_and_moderate_depth,accepted,,,,,True,True,True,True,True,True,0,MMFF,53417904475.30941,52037109532.546646,-1380794942.762764,True,record_only,0.0,0.0,2.26180100440979,0.4,0.4,4,1,0.355932974823304,0.4876539707183838,1.0,0.8004079827425039,0,0,1,0.44468943650929305,0.4876539707183838,R3,R3,0.9058040772059315,1.0,single_rgroup_clash,local_rgroup_repair,"[{""region"": ""R3"", ""score"": 0.177966487411652}]",B:414::LEU,target_severe,target_severe,no_target_severe,samples/case_000670.pkl,ligands/case_000670_original.sdf,ligands/case_000670_failed.sdf
case_000671,complex_crossdocked_000018,complex_crossdocked_000018,train,train,RARA_HUMAN_173_420_0,RARA_HUMAN_173_420_0,crossdocked_subset,easy_rotation,complex_crossdocked_000018:R3:easy_rotation:300.0,20260510,300.0,"[29, 33]","[[0.61398685, -0.52708006, 0.58754295, 0.0], [0.15157789, 0.80925041, 0.567572, 0.0], [-0.77462524, -0.2594232, 0.5767628, 0.0], [0.0, 0.0, 0.0, 1.0]]",R3,"[30, 31, 32, 33]",29,33,33,supported_single_rgroup,medium,supported_with_moderate_ambiguity_or_depth,accepted,,,,,True,True,True,True,True,True,0,MMFF,53417904475.30941,53056530791.5854,-361373683.72400665,True,record_only,0.0,0.0,1.3058520555496216,0.4,0.4,2,2,1.850152618043822,1.0114930868148804,1.0,0.9542235050555556,0,0,2,1.938909079729811,1.0114930868148804,R3,R3,0.9803864678467114,1.0,single_rgroup_clash,local_rgroup_repair,"[{""region"": ""R3"", ""score"": 0.925076309021911}]",B:410::ILE,target_severe,target_severe,target_severe,samples/case_000671.pkl,ligands/case_000671_original.sdf,ligands/case_000671_failed.sdf
case_000680,complex_crossdocked_000018,complex_crossdocked_000018,train,train,RARA_HUMAN_173_420_0,RARA_HUMAN_173_420_0,crossdocked_subset,directed_clash,complex_crossdocked_000018:R3:directed_clash:150.0,20260510,150.0,"[29, 33]","[[-0.44062072, -0.50478494, -0.74232441, 0.0], [-0.89660829, 0.28811276, 0.33628049, 0.0], [0.04412379, 0.81374639, -0.57954282, 0.0], [0.0, 0.0, 0.0, 1.0]]",R3,"[30, 31, 32, 33]",29,33,33,supported_single_rgroup,medium,supported_with_moderate_ambiguity_or_depth,accepted,,,,,True,True,True,True,True,True,0,MMFF,53417904475.30941,51437178719.10023,-1980725756.2091827,True,record_only,0.0,0.0,2.522712230682373,0.4,0.4,4,1,1.3059827032324307,1.118388295173645,1.0,0.9363633976026045,0,0,1,1.3947391649184198,1.118388295173645,R3,R3,0.9724392449906537,1.0,single_rgroup_clash,local_rgroup_repair,"[{""region"": ""R3"", ""score"": 0.6529913516162154}]",B:410::ILE,target_severe,target_severe,target_severe,samples/case_000680.pkl,ligands/case_000680_original.sdf,ligands/case_000680_failed.sdf
case_000681,complex_crossdocked_000018,complex_crossdocked_000018,train,train,RARA_HUMAN_173_420_0,RARA_HUMAN_173_420_0,crossdocked_subset,directed_clash,complex_crossdocked_000018:R3:directed_clash:90.0,20260510,90.0,"[29, 33]","[[0.22797368, 0.01632117, -0.97353047, 0.0], [-0.76732558, 0.61850077, -0.16931711, 0.0], [0.59936589, 0.78561467, 0.15352555, 0.0], [0.0, 0.0, 0.0, 1.0]]",R3,"[30, 31, 32, 33]",29,33,33,supported_single_rgroup,easy,high_target_ratio_and_moderate_depth,accepted,,,,,True,True,True,True,True,True,0,MMFF,53417904475.30941,52196936923.6446,-1220967551.6648102,True,record_only,0.0,0.0,1.8467528820037842,0.4,0.4,2,1,0.7918728431850468,0.8764257431030273,1.0,0.899212459550177,0,0,1,0.8806293048710359,0.8764257431030273,R3,R3,0.9553449263120859,1.0,single_rgroup_clash,local_rgroup_repair,"[{""region"": ""R3"", ""score"": 0.3959364215925234}]",B:410::ILE,target_severe,target_severe,target_severe,samples/case_000681.pkl,ligands/case_000681_original.sdf,ligands/case_000681_failed.sdf
case_000682,complex_crossdocked_000018,complex_crossdocked_000018,train,train,RARA_HUMAN_173_420_0,RARA_HUMAN_173_420_0,crossdocked_subset,directed_clash,complex_crossdocked_000018:R3:directed_clash:270.0,20260510,270.0,"[29, 33]","[[0.22797368, -0.76732558, 0.59936589, 0.0], [0.01632117, 0.61850077, 0.78561467, 0.0], [-0.97353047, -0.16931711, 0.15352555, 0.0], [0.0, 0.0, 0.0, 1.0]]",R3,"[30, 31, 32, 33]",29,33,33,supported_single_rgroup,easy,high_target_ratio_and_moderate_depth,accepted,,,,,True,True,True,True,True,True,0,MMFF,53417904475.30941,52564972454.11799,-852932021.1914215,True,record_only,0.0,0.0,1.846752643585205,0.4,0.4,3,2,1.3818647531858375,0.853246808052063,1.0,0.9396469595376232,0,0,2,1.4706212148718265,0.853246808052063,R3,R3,0.9739132022114195,1.0,single_rgroup_clash,local_rgroup_repair,"[{""region"": ""R3"", ""score"": 0.6909323765929187}]",B:410::ILE,target_severe,target_severe,target_severe,samples/case_000682.pkl,ligands/case_000682_original.sdf,ligands/case_000682_failed.sdf
case_000683,complex_crossdocked_000018,complex_crossdocked_000018,train,train,RARA_HUMAN_173_420_0,RARA_HUMAN_173_420_0,crossdocked_subset,directed_clash,complex_crossdocked_000018:R3:directed_clash:210.0,20260510,210.0,"[29, 33]","[[-0.44062072, -0.89660829, 0.04412379, 0.0], [-0.50478494, 0.28811276, 0.81374639, 0.0], [-0.74232441, 0.33628049, -0.57954282, 0.0], [0.0, 0.0, 0.0, 1.0]]",R3,"[30, 31, 32, 33]",29,33,33,supported_single_rgroup,medium,supported_with_moderate_ambiguity_or_depth,accepted,,,,,True,True,True,True,True,True,0,MMFF,53417904475.30941,51612720784.889534,-1805183690.419876,True,record_only,0.0,0.0,2.522711992263794,0.4,0.4,3,1,1.0948511027585255,1.0163486003875732,1.0,0.9250119175035487,0,0,1,1.1836075644445145,1.0163486003875732,R3,R3,0.9672982204244429,1.0,single_rgroup_clash,local_rgroup_repair,"[{""region"": ""R3"", ""score"": 0.5474255513792627}]",B:410::ILE,target_severe,target_severe,target_severe,samples/case_000683.pkl,ligands/case_000683_original.sdf,ligands/case_000683_failed.sdf
case_000684,complex_crossdocked_000018,complex_crossdocked_000018,train,train,RARA_HUMAN_173_420_0,RARA_HUMAN_173_420_0,crossdocked_subset,directed_clash,complex_crossdocked_000018:R3:directed_clash:30.0,20260510,30.0,"[29, 33]","[[0.89656806, 0.14560392, -0.41828838, 0.0], [-0.24621944, 0.94888878, -0.19744883, 0.0], [0.36815983, 0.28001705, 0.88659394, 0.0], [0.0, 0.0, 0.0, 1.0]]",R3,"[30, 31, 32, 33]",29,33,33,supported_single_rgroup,easy,high_target_ratio_and_moderate_depth,accepted,,,,,True,True,True,True,True,True,0,MMFF,53417904475.30941,53179709725.5703,-238194749.73911285,True,record_only,0.0,0.0,0.675958514213562,0.4,0.4,2,2,0.5523409620182633,0.6200578212738037,1.0,0.861555422929084,0,0,2,0.6410974237042524,0.6200578212738037,R3,R3,0.9371957387506219,1.0,single_rgroup_clash,local_rgroup_repair,"[{""region"": ""R3"", ""score"": 0.27617048100913166}]",B:410::ILE,target_severe,target_severe,target_severe,samples/case_000684.pkl,ligands/case_000684_original.sdf,ligands/case_000684_failed.sdf
case_000703,complex_crossdocked_000019,complex_crossdocked_000019,train,train,RARA_HUMAN_173_420_0,RARA_HUMAN_173_420_0,crossdocked_subset,easy_rotation,complex_crossdocked_000019:R2:easy_rotation:60.0,20260510,60.0,"[16, 23]","[[0.81557977, -0.19172488, -0.545959, 0.0], [-0.28871059, 0.68285257, -0.67108762, 0.0], [0.50147367, 0.70494962, 0.50156772, 0.0], [0.0, 0.0, 0.0, 1.0]]",R2,"[20, 21, 22, 23]",16,23,21,supported_single_rgroup,medium,supported_with_moderate_ambiguity_or_depth,accepted,,,,,True,True,True,True,True,True,0,MMFF,51121504008.45543,51085772069.671974,-35731938.783454895,True,record_only,0.0,0.0,1.2150890827178955,0.4,0.4,2,1,0.4166459587311806,0.6432061195373535,0.7139707570255868,0.5893112306965689,0,0,1,0.7070049526100206,0.6432061195373535,R2,R2,0.6560929333452705,0.7139707570255868,ambiguous_region_clash,reject_or_expand_mask,"[{""region"": ""R2"", ""score"": 0.2083229793655903}, {""region"": ""R3"", ""score"": 0.08345784963287883}]",A:305::LEU,target_severe,target_severe,target_severe,samples/case_000703.pkl,ligands/case_000703_original.sdf,ligands/case_000703_failed.sdf
case_000705,complex_crossdocked_000019,complex_crossdocked_000019,train,train,RARA_HUMAN_173_420_0,RARA_HUMAN_173_420_0,crossdocked_subset,easy_rotation,complex_crossdocked_000019:R2:easy_rotation:180.0,20260510,180.0,"[16, 23]","[[0.262319, -0.96087092, -0.08897064, 0.0], [-0.96087092, -0.26858982, 0.06772401, 0.0], [-0.08897064, 0.06772401, -0.99372917, 0.0], [0.0, 0.0, 0.0, 1.0]]",R2,"[20, 21, 22, 23]",16,23,21,supported_single_rgroup,medium,supported_with_moderate_ambiguity_or_depth,accepted,,,,,True,True,True,True,True,True,0,MMFF,51121504008.45543,51206892026.48685,85388018.03141785,True,record_only,0.0,0.0,2.4301774501800537,0.4,0.4,2,1,0.47592291460682645,0.6896872520446777,0.740345872721887,0.6210807136858415,0,0,1,0.7662819084856665,0.6896872520446777,R2,R2,0.6854537784354983,0.740345872721887,ambiguous_region_clash,reject_or_expand_mask,"[{""region"": ""R2"", ""score"": 0.23796145730341323}, {""region"": ""R3"", ""score"": 0.08345784963287883}]",A:305::LEU,target_severe,target_severe,target_severe,samples/case_000705.pkl,ligands/case_000705_original.sdf,ligands/case_000705_failed.sdf
case_000707,complex_crossdocked_000019,complex_crossdocked_000019,train,train,RARA_HUMAN_173_420_0,RARA_HUMAN_173_420_0,crossdocked_subset,easy_rotation,complex_crossdocked_000019:R2:easy_rotation:300.0,20260510,300.0,"[16, 23]","[[0.81557977, -0.28871059, 0.50147367, 0.0], [-0.19172488, 0.68285257, 0.70494962, 0.0], [-0.545959, -0.67108762, 0.50156772, 0.0], [0.0, 0.0, 0.0, 1.0]]",R2,"[20, 21, 22, 23]",16,23,21,supported_single_rgroup,medium,supported_with_moderate_ambiguity_or_depth,accepted,,,,,True,True,True,True,True,True,0,MMFF,51121504008.45543,51200805130.671776,79301122.21634674,True,record_only,0.0,0.0,1.2150894403457642,0.4,0.4,2,1,0.47310753675316164,0.6869652271270752,0.7392036884410497,0.6196834016568097,0,0,1,0.7634665306320016,0.6869652271270752,R2,R2,0.6841731376916705,0.7392036884410497,ambiguous_region_clash,reject_or_expand_mask,"[{""region"": ""R2"", ""score"": 0.23655376837658082}, {""region"": ""R3"", ""score"": 0.08345784963287883}]",A:305::LEU,target_severe,target_severe,target_severe,samples/case_000707.pkl,ligands/case_000707_original.sdf,ligands/case_000707_failed.sdf
case_000716,complex_crossdocked_000019,complex_crossdocked_000019,train,train,RARA_HUMAN_173_420_0,RARA_HUMAN_173_420_0,crossdocked_subset,directed_clash,complex_crossdocked_000019:R2:directed_clash:210.0,20260510,210.0,"[16, 23]","[[0.31173426, -0.92450213, 0.21935704, 0.0], [-0.86850744, -0.18361042, 0.4604151, 0.0], [-0.38537851, -0.33404037, -0.86017466, 0.0], [0.0, 0.0, 0.0, 1.0]]",R2,"[20, 21, 22, 23]",16,23,21,supported_single_rgroup,medium,supported_with_moderate_ambiguity_or_depth,accepted,,,,,True,True,True,True,True,True,0,MMFF,51121504008.45543,51233248516.988,111744508.53256989,True,record_only,0.0,0.0,2.3473708629608154,0.4,0.4,2,1,0.4000319453916745,0.6308212280273438,0.7055888654998939,0.5794281509753864,0,0,1,0.6903909392705145,0.6308212280273438,R2,R2,0.6468538864327738,0.7055888654998939,ambiguous_region_clash,reject_or_expand_mask,"[{""region"": ""R2"", ""score"": 0.20001597269583726}, {""region"": ""R3"", ""score"": 0.08345784963287883}]",A:305::LEU,target_severe,target_severe,target_severe,samples/case_000716.pkl,ligands/case_000716_original.sdf,ligands/case_000716_failed.sdf
